         0.13650E+02         0.68098E-05        -0.74257E-05         0.19437E-05         0.00000E+00
         0.13700E+02         0.69828E-05        -0.75775E-05         0.19356E-05         0.00000E+00
         0.13750E+02         0.70904E-05        -0.76629E-05         0.19221E-05         0.00000E+00
         0.13800E+02         0.71677E-05        -0.77144E-05         0.19019E-05         0.00000E+00
         0.13850E+02         0.72168E-05        -0.77473E-05         0.18825E-05         0.00000E+00
         0.13900E+02         0.72587E-05        -0.77557E-05         0.18599E-05         0.00000E+00
         0.13950E+02         0.72866E-05        -0.77669E-05         0.18345E-05         0.00000E+00
         0.14000E+02         0.73077E-05        -0.77621E-05         0.18097E-05         0.00000E+00
         0.14050E+02         0.73235E-05        -0.77586E-05         0.17840E-05         0.00000E+00
         0.14100E+02         0.73280E-05        -0.77453E-05         0.17547E-05         0.00000E+00
         0.14150E+02         0.73346E-05        -0.77329E-05         0.17290E-05         0.00000E+00
         0.14200E+02         0.73371E-05        -0.77164E-05         0.17017E-05         0.00000E+00
         0.14250E+02         0.73355E-05        -0.76945E-05         0.16728E-05         0.00000E+00
         0.14300E+02         0.73246E-05        -0.76656E-05         0.16468E-05         0.00000E+00
         0.14350E+02         0.73152E-05        -0.76406E-05         0.16179E-05         0.00000E+00
         0.14400E+02         0.73055E-05        -0.76105E-05         0.15908E-05         0.00000E+00
         0.14450E+02         0.72855E-05        -0.75780E-05         0.15619E-05         0.00000E+00
         0.14500E+02         0.72589E-05        -0.75411E-05         0.15366E-05         0.00000E+00
         0.14550E+02         0.72323E-05        -0.75013E-05         0.15085E-05         0.00000E+00
         0.14600E+02         0.72011E-05        -0.74586E-05         0.14837E-05         0.00000E+00
         0.14650E+02         0.71620E-05        -0.74053E-05         0.14550E-05         0.00000E+00
         0.14700E+02         0.71152E-05        -0.73462E-05         0.14310E-05         0.00000E+00
         0.14750E+02         0.70697E-05        -0.72929E-05         0.14078E-05         0.00000E+00
         0.14800E+02         0.70102E-05        -0.72207E-05         0.13806E-05         0.00000E+00
         0.14850E+02         0.69528E-05        -0.71548E-05         0.13578E-05         0.00000E+00
         0.14900E+02         0.68803E-05        -0.70769E-05         0.13344E-05         0.00000E+00
         0.14950E+02         0.68100E-05        -0.69937E-05         0.13088E-05         0.00000E+00
         0.15000E+02         0.67190E-05        -0.69023E-05         0.12886E-05         0.00000E+00
         0.15050E+02         0.66299E-05        -0.68016E-05         0.12650E-05         0.00000E+00
         0.15100E+02         0.65367E-05        -0.67005E-05         0.12411E-05         0.00000E+00
         0.15150E+02         0.64306E-05        -0.65914E-05         0.12202E-05         0.00000E+00
         0.15200E+02         0.63193E-05        -0.64751E-05         0.12007E-05         0.00000E+00
         0.15250E+02         0.62017E-05        -0.63531E-05         0.11769E-05         0.00000E+00
         0.15300E+02         0.60759E-05        -0.62228E-05         0.11587E-05         0.00000E+00
         0.15350E+02         0.59449E-05        -0.60891E-05         0.11413E-05         0.00000E+00
         0.15400E+02         0.58062E-05        -0.59439E-05         0.11227E-05         0.00000E+00
         0.15450E+02         0.56647E-05        -0.58010E-05         0.11038E-05         0.00000E+00
         0.15500E+02         0.55112E-05        -0.56470E-05         0.10865E-05         0.00000E+00
         0.15550E+02         0.53562E-05        -0.54892E-05         0.10720E-05         0.00000E+00
         0.15600E+02         0.51873E-05        -0.53204E-05         0.10527E-05         0.00000E+00
         0.15650E+02         0.50206E-05        -0.51514E-05         0.10375E-05         0.00000E+00
         0.15700E+02         0.48470E-05        -0.49813E-05         0.10199E-05         0.00000E+00
         0.15750E+02         0.46730E-05        -0.47945E-05         0.10058E-05         0.00000E+00
         0.15800E+02         0.44896E-05        -0.46172E-05         0.99254E-06         0.00000E+00
         0.15850E+02         0.43004E-05        -0.44279E-05         0.97647E-06         0.00000E+00
         0.15900E+02         0.41120E-05        -0.42380E-05         0.95925E-06         0.00000E+00
         0.15950E+02         0.39182E-05        -0.40401E-05         0.94441E-06         0.00000E+00
         0.16000E+02         0.37162E-05        -0.38449E-05         0.93366E-06         0.00000E+00
         0.16050E+02         0.35256E-05        -0.36445E-05         0.92362E-06         0.00000E+00
         0.16100E+02         0.33183E-05        -0.34494E-05         0.91025E-06         0.00000E+00
         0.16150E+02         0.31116E-05        -0.32402E-05         0.89915E-06         0.00000E+00
         0.16200E+02         0.29110E-05        -0.30457E-05         0.89058E-06         0.00000E+00
         0.16250E+02         0.27086E-05        -0.28396E-05         0.87329E-06         0.00000E+00
         0.16300E+02         0.25036E-05        -0.26356E-05         0.86977E-06         0.00000E+00
         0.16350E+02         0.22906E-05        -0.24304E-05         0.85510E-06         0.00000E+00
         0.16400E+02         0.20874E-05        -0.22274E-05         0.84632E-06         0.00000E+00
         0.16450E+02         0.18861E-05        -0.20210E-05         0.83690E-06         0.00000E+00
         0.16500E+02         0.16800E-05        -0.18221E-05         0.82532E-06         0.00000E+00
         0.16550E+02         0.14795E-05        -0.16147E-05         0.82019E-06         0.00000E+00
         0.16600E+02         0.12813E-05        -0.14197E-05         0.80961E-06         0.00000E+00
         0.16650E+02         0.10841E-05        -0.12264E-05         0.80538E-06         0.00000E+00
         0.16700E+02         0.88471E-06        -0.10330E-05         0.79109E-06         0.00000E+00
         0.16750E+02         0.69323E-06        -0.84496E-06         0.78526E-06         0.00000E+00
         0.16800E+02         0.50537E-06        -0.65305E-06         0.78231E-06         0.00000E+00
         0.16850E+02         0.31527E-06        -0.47226E-06         0.77328E-06         0.00000E+00
         0.16900E+02         0.14063E-06        -0.29158E-06         0.76641E-06         0.00000E+00
         0.16950E+02        -0.39728E-07        -0.11672E-06         0.76050E-06         0.00000E+00
         0.17000E+02        -0.21207E-06         0.59017E-07         0.75242E-06         0.00000E+00
         0.17050E+02        -0.38503E-06         0.22530E-06         0.74652E-06         0.00000E+00
         0.17100E+02        -0.55082E-06         0.38882E-06         0.74274E-06         0.00000E+00
         0.17150E+02        -0.70176E-06         0.54460E-06         0.73751E-06         0.00000E+00
         0.17200E+02        -0.85689E-06         0.69623E-06         0.73079E-06         0.00000E+00
         0.17250E+02        -0.10116E-05         0.84455E-06         0.72588E-06         0.00000E+00
         0.17300E+02        -0.11584E-05         0.98879E-06         0.72304E-06         0.00000E+00
         0.17350E+02        -0.12920E-05         0.11267E-05         0.71288E-06         0.00000E+00
         0.17400E+02        -0.14250E-05         0.12601E-05         0.71400E-06         0.00000E+00
         0.17450E+02        -0.15590E-05         0.13866E-05         0.70753E-06         0.00000E+00
         0.17500E+02        -0.16752E-05         0.15092E-05         0.69874E-06         0.00000E+00
         0.17550E+02        -0.17986E-05         0.16175E-05         0.69941E-06         0.00000E+00
         0.17600E+02        -0.19062E-05         0.17257E-05         0.69341E-06         0.00000E+00
         0.17650E+02        -0.20120E-05         0.18314E-05         0.68978E-06         0.00000E+00
         0.17700E+02        -0.21149E-05         0.19302E-05         0.68512E-06         0.00000E+00
         0.17750E+02        -0.21985E-05         0.20169E-05         0.67949E-06         0.00000E+00
         0.17800E+02        -0.22867E-05         0.21108E-05         0.68211E-06         0.00000E+00
         0.17850E+02        -0.23729E-05         0.21901E-05         0.67425E-06         0.00000E+00
         0.17900E+02        -0.24477E-05         0.22605E-05         0.66908E-06         0.00000E+00
         0.17950E+02        -0.25108E-05         0.23335E-05         0.66648E-06         0.00000E+00
         0.18000E+02        -0.25734E-05         0.23947E-05         0.66242E-06         0.00000E+00
         0.18050E+02        -0.26293E-05         0.24457E-05         0.66769E-06         0.00000E+00
         0.18100E+02        -0.26785E-05         0.24920E-05         0.65900E-06         0.00000E+00
         0.18150E+02        -0.27198E-05         0.25396E-05         0.65548E-06         0.00000E+00
         0.18200E+02        -0.27688E-05         0.25862E-05         0.65241E-06         0.00000E+00
         0.18250E+02        -0.28030E-05         0.26132E-05         0.65299E-06         0.00000E+00
         0.18300E+02        -0.28255E-05         0.26412E-05         0.64595E-06         0.00000E+00
         0.18350E+02        -0.28498E-05         0.26660E-05         0.64557E-06         0.00000E+00
         0.18400E+02        -0.28669E-05         0.26830E-05         0.64166E-06         0.00000E+00
         0.18450E+02        -0.28762E-05         0.26930E-05         0.63958E-06         0.00000E+00
         0.18500E+02        -0.28850E-05         0.26907E-05         0.63863E-06         0.00000E+00
         0.18550E+02        -0.28847E-05         0.26972E-05         0.64064E-06         0.00000E+00
         0.18600E+02        -0.28782E-05         0.26942E-05         0.63229E-06         0.00000E+00
         0.18650E+02        -0.28612E-05         0.26763E-05         0.63222E-06         0.00000E+00
         0.18700E+02        -0.28569E-05         0.26726E-05         0.63116E-06         0.00000E+00
         0.18750E+02        -0.28305E-05         0.26451E-05         0.63366E-06         0.00000E+00
         0.18800E+02        -0.28061E-05         0.26215E-05         0.62664E-06         0.00000E+00
         0.18850E+02        -0.27797E-05         0.25882E-05         0.62353E-06         0.00000E+00
         0.18900E+02        -0.27417E-05         0.25600E-05         0.62283E-06         0.00000E+00
         0.18950E+02        -0.27009E-05         0.25223E-05         0.62096E-06         0.00000E+00
         0.19000E+02        -0.26602E-05         0.24765E-05         0.61772E-06         0.00000E+00
         0.19050E+02        -0.26175E-05         0.24302E-05         0.62238E-06         0.00000E+00
         0.19100E+02        -0.25598E-05         0.23749E-05         0.61544E-06         0.00000E+00
         0.19150E+02        -0.25055E-05         0.23154E-05         0.61503E-06         0.00000E+00
         0.19200E+02        -0.24446E-05         0.22592E-05         0.61413E-06         0.00000E+00
         0.19250E+02        -0.23741E-05         0.21945E-05         0.61687E-06         0.00000E+00
         0.19300E+02        -0.23066E-05         0.21362E-05         0.61777E-06         0.00000E+00
         0.19350E+02        -0.22314E-05         0.20582E-05         0.60972E-06         0.00000E+00
         0.19400E+02        -0.21612E-05         0.19804E-05         0.60788E-06         0.00000E+00
         0.19450E+02        -0.20713E-05         0.18967E-05         0.61456E-06         0.00000E+00
         0.19500E+02        -0.19866E-05         0.18192E-05         0.60316E-06         0.00000E+00
         0.19550E+02        -0.19002E-05         0.17239E-05         0.61161E-06         0.00000E+00
         0.19600E+02        -0.18090E-05         0.16408E-05         0.60270E-06         0.00000E+00
         0.19650E+02        -0.17055E-05         0.15421E-05         0.60919E-06         0.00000E+00
         0.19700E+02        -0.16103E-05         0.14415E-05         0.59949E-06         0.00000E+00
         0.19750E+02        -0.15054E-05         0.13349E-05         0.59859E-06         0.00000E+00
         0.19800E+02        -0.13930E-05         0.12321E-05         0.60326E-06         0.00000E+00
         0.19850E+02        -0.12846E-05         0.11169E-05         0.59432E-06         0.00000E+00
         0.19900E+02        -0.11691E-05         0.10057E-05         0.60301E-06         0.00000E+00
         0.19950E+02        -0.10494E-05         0.89228E-06         0.60198E-06         0.00000E+00
         0.20000E+02        -0.92390E-06         0.75981E-06         0.59180E-06         0.00000E+00
         0.20050E+02        -0.78589E-06         0.62764E-06         0.58892E-06         0.00000E+00
         0.20100E+02        -0.66462E-06         0.50501E-06         0.59454E-06         0.00000E+00
         0.20150E+02        -0.52602E-06         0.36467E-06         0.59596E-06         0.00000E+00
         0.20200E+02        -0.38242E-06         0.22451E-06         0.59383E-06         0.00000E+00
         0.20250E+02        -0.22447E-06         0.72082E-07         0.59261E-06         0.00000E+00
         0.20300E+02        -0.71940E-07        -0.78634E-07         0.59067E-06         0.00000E+00
         0.20350E+02         0.92652E-07        -0.23957E-06         0.59187E-06         0.00000E+00
         0.20400E+02         0.26328E-06        -0.41108E-06         0.58891E-06         0.00000E+00
         0.20450E+02         0.45673E-06        -0.59044E-06         0.59875E-06         0.00000E+00
         0.20500E+02         0.63546E-06        -0.79168E-06         0.59334E-06         0.00000E+00
         0.20550E+02         0.84590E-06        -0.98914E-06         0.59370E-06         0.00000E+00
         0.20600E+02         0.10864E-05        -0.12189E-05         0.58223E-06         0.00000E+00
         0.20650E+02         0.13394E-05        -0.14743E-05         0.59252E-06         0.00000E+00
         0.20700E+02         0.16340E-05        -0.17626E-05         0.59155E-06         0.00000E+00
         0.20750E+02         0.19732E-05        -0.21169E-05         0.59902E-06         0.00000E+00
         0.20800E+02         0.24038E-05        -0.25446E-05         0.59765E-06         0.00000E+00
         0.20850E+02         0.29769E-05        -0.31238E-05         0.59690E-06         0.00000E+00
         0.20900E+02         0.38390E-05        -0.39933E-05         0.59700E-06         0.00000E+00
         0.20950E+02         0.53944E-05        -0.55364E-05         0.61533E-06         0.00000E+00
         0.21000E+02         0.92296E-05        -0.94048E-05         0.62881E-06         0.00000E+00
         0.21050E+02         0.28639E-04        -0.28885E-04         0.72397E-06         0.00000E+00
         0.21100E+02         0.25671E-02        -0.25786E-02         0.11676E-04         0.00000E+00
         0.21150E+02        -0.19048E-04         0.19030E-04         0.44323E-06         0.00000E+00
         0.21200E+02        -0.52736E-06         0.41935E-06         0.55354E-06         0.00000E+00
         0.21250E+02         0.11611E-05        -0.12614E-05         0.57326E-06         0.00000E+00
         0.21300E+02         0.19198E-05        -0.20243E-05         0.56570E-06         0.00000E+00
         0.21350E+02         0.25241E-05        -0.26251E-05         0.57861E-06         0.00000E+00
         0.21400E+02         0.31381E-05        -0.32452E-05         0.57978E-06         0.00000E+00
         0.21450E+02         0.38156E-05        -0.39422E-05         0.58310E-06         0.00000E+00
         0.21500E+02         0.46789E-05        -0.47920E-05         0.58966E-06         0.00000E+00
         0.21550E+02         0.58575E-05        -0.59709E-05         0.59935E-06         0.00000E+00
         0.21600E+02         0.76789E-05        -0.77966E-05         0.61227E-06         0.00000E+00
         0.21650E+02         0.10995E-04        -0.11116E-04         0.63101E-06         0.00000E+00
         0.21700E+02         0.18838E-04        -0.18988E-04         0.67490E-06         0.00000E+00
         0.21750E+02         0.49973E-04        -0.50221E-04         0.81987E-06         0.00000E+00
         0.21800E+02        -0.24876E-03         0.24961E-03        -0.54709E-06         0.00000E+00
         0.21850E+02         0.40440E-04        -0.40697E-04         0.56308E-06         0.00000E+00
         0.21900E+02         0.91457E-05        -0.92720E-05         0.52914E-06         0.00000E+00
         0.21950E+02         0.43576E-05        -0.44666E-05         0.53516E-06         0.00000E+00
         0.22000E+02         0.32110E-05        -0.33078E-05         0.53910E-06         0.00000E+00
         0.22050E+02         0.30112E-05        -0.31035E-05         0.54639E-06         0.00000E+00
         0.22100E+02         0.32019E-05        -0.32789E-05         0.55191E-06         0.00000E+00
         0.22150E+02         0.36656E-05        -0.37510E-05         0.55716E-06         0.00000E+00
         0.22200E+02         0.47297E-05        -0.48088E-05         0.56305E-06         0.00000E+00
         0.22250E+02         0.11334E-04        -0.11448E-04         0.59429E-06         0.00000E+00
         0.22300E+02        -0.45329E-05         0.45060E-05         0.51730E-06         0.00000E+00
         0.22350E+02         0.37508E-05        -0.38177E-05         0.57293E-06         0.00000E+00
         0.22400E+02         0.60993E-05        -0.61753E-05         0.59285E-06         0.00000E+00
         0.22450E+02         0.13786E-04        -0.13883E-04         0.64322E-06         0.00000E+00
         0.22500E+02         0.15342E-03        -0.15400E-03         0.13034E-05         0.00000E+00
         0.22550E+02         0.22446E-04        -0.22588E-04         0.54090E-06         0.00000E+00
         0.22600E+02         0.47005E-05        -0.47672E-05         0.52367E-06         0.00000E+00
         0.22650E+02         0.46603E-05        -0.47200E-05         0.53795E-06         0.00000E+00
         0.22700E+02         0.51972E-05        -0.52672E-05         0.55386E-06         0.00000E+00
         0.22750E+02        -0.66350E-05         0.66497E-05         0.49423E-06         0.00000E+00
         0.22800E+02         0.67801E-05        -0.68392E-05         0.59602E-06         0.00000E+00
         0.22850E+02         0.40133E-04        -0.40362E-04         0.50388E-06         0.00000E+00
         0.22900E+02         0.53141E-05        -0.53679E-05         0.52316E-06         0.00000E+00
         0.22950E+02         0.57072E-05        -0.57616E-05         0.54686E-06         0.00000E+00
         0.23000E+02         0.60492E-05        -0.60917E-05         0.58250E-06         0.00000E+00
         0.23050E+02         0.13498E-04        -0.13586E-04         0.54200E-06         0.00000E+00
         0.23100E+02         0.12285E-04        -0.12390E-04         0.58228E-06         0.00000E+00
         0.23150E+02         0.12260E-04        -0.12339E-04         0.53500E-06         0.00000E+00
         0.23200E+02         0.97250E-05        -0.97866E-05         0.62815E-06         0.00000E+00
         0.23250E+02         0.10097E-04        -0.10158E-04         0.63392E-06         0.00000E+00
         0.23300E+02         0.61155E-05        -0.61619E-05         0.53395E-06         0.00000E+00
         0.23350E+02         0.53030E-05        -0.53481E-05         0.51630E-06         0.00000E+00
         0.23400E+02         0.63872E-05        -0.64247E-05         0.53768E-06         0.00000E+00
         0.23450E+02         0.61319E-05        -0.61578E-05         0.53032E-06        -0.34121E-07
         0.23500E+02         0.63062E-05        -0.63339E-05         0.52876E-06        -0.43159E-07
         0.23550E+02         0.64719E-05        -0.64938E-05         0.52517E-06        -0.49544E-07
         0.23600E+02         0.66441E-05        -0.66662E-05         0.52426E-06        -0.53575E-07
         0.23650E+02         0.67964E-05        -0.68286E-05         0.52485E-06        -0.56293E-07
         0.23700E+02         0.69502E-05        -0.69718E-05         0.52404E-06        -0.57430E-07
         0.23750E+02         0.71007E-05        -0.71198E-05         0.52687E-06        -0.60457E-07
         0.23800E+02         0.72399E-05        -0.72687E-05         0.52575E-06        -0.61512E-07
         0.23850E+02         0.73817E-05        -0.73963E-05         0.52170E-06        -0.63699E-07
         0.23900E+02         0.75086E-05        -0.75196E-05         0.52103E-06        -0.63948E-07
         0.23950E+02         0.76295E-05        -0.76464E-05         0.52022E-06        -0.66752E-07
         0.24000E+02         0.77502E-05        -0.77576E-05         0.51866E-06        -0.67565E-07
         0.24050E+02         0.78625E-05        -0.78698E-05         0.52120E-06        -0.68743E-07
         0.24100E+02         0.79602E-05        -0.79709E-05         0.51716E-06        -0.70278E-07
         0.24150E+02         0.80501E-05        -0.80734E-05         0.51642E-06        -0.72371E-07
         0.24200E+02         0.81507E-05        -0.81553E-05         0.51574E-06        -0.72108E-07
         0.24250E+02         0.82352E-05        -0.82435E-05         0.51483E-06        -0.73782E-07
         0.24300E+02         0.83113E-05        -0.83138E-05         0.51074E-06        -0.73476E-07
         0.24350E+02         0.83843E-05        -0.83860E-05         0.50999E-06        -0.74658E-07
         0.24400E+02         0.84533E-05        -0.84566E-05         0.50954E-06        -0.73874E-07
         0.24450E+02         0.85150E-05        -0.85182E-05         0.50640E-06        -0.74607E-07
         0.24500E+02         0.85721E-05        -0.85718E-05         0.50604E-06        -0.75827E-07
         0.24550E+02         0.86299E-05        -0.86329E-05         0.50294E-06        -0.76410E-07
         0.24600E+02         0.86804E-05        -0.86801E-05         0.50100E-06        -0.77121E-07
         0.24650E+02         0.87215E-05        -0.87300E-05         0.50211E-06        -0.78609E-07
         0.24700E+02         0.87575E-05        -0.87700E-05         0.49779E-06        -0.77662E-07
         0.24750E+02         0.87949E-05        -0.87953E-05         0.49338E-06        -0.79666E-07
         0.24800E+02         0.88327E-05        -0.88364E-05         0.49436E-06        -0.78080E-07
         0.24850E+02         0.88642E-05        -0.88619E-05         0.48875E-06        -0.79465E-07
         0.24900E+02         0.88880E-05        -0.88821E-05         0.48797E-06        -0.78612E-07
         0.24950E+02         0.89121E-05        -0.89109E-05         0.48530E-06        -0.78165E-07
         0.25000E+02         0.89267E-05        -0.89328E-05         0.48635E-06        -0.80691E-07
         0.25050E+02         0.89496E-05        -0.89407E-05         0.48048E-06        -0.80917E-07
         0.25100E+02         0.89586E-05        -0.89636E-05         0.48028E-06        -0.79977E-07
         0.25150E+02         0.89770E-05        -0.89666E-05         0.47598E-06        -0.81638E-07
         0.25200E+02         0.89784E-05        -0.89780E-05         0.47767E-06        -0.81625E-07
         0.25250E+02         0.89856E-05        -0.89770E-05         0.47334E-06        -0.83958E-07
         0.25300E+02         0.89884E-05        -0.89878E-05         0.46742E-06        -0.84153E-07
         0.25350E+02         0.90030E-05        -0.89874E-05         0.46495E-06        -0.83042E-07
         0.25400E+02         0.89943E-05        -0.89804E-05         0.46109E-06        -0.83730E-07
         0.25450E+02         0.89973E-05        -0.89835E-05         0.46081E-06        -0.85451E-07
         0.25500E+02         0.89878E-05        -0.89855E-05         0.45652E-06        -0.83820E-07
         0.25550E+02         0.89920E-05        -0.89763E-05         0.45820E-06        -0.84739E-07
         0.25600E+02         0.89820E-05        -0.89652E-05         0.45258E-06        -0.85888E-07
         0.25650E+02         0.89762E-05        -0.89592E-05         0.45121E-06        -0.85606E-07
         0.25700E+02         0.89566E-05        -0.89454E-05         0.44704E-06        -0.85843E-07
         0.25750E+02         0.89530E-05        -0.89342E-05         0.44474E-06        -0.86175E-07
         0.25800E+02         0.89452E-05        -0.89221E-05         0.44328E-06        -0.85920E-07
         0.25850E+02         0.89266E-05        -0.89096E-05         0.43661E-06        -0.87784E-07
         0.25900E+02         0.89039E-05        -0.88941E-05         0.43506E-06        -0.88119E-07
         0.25950E+02         0.88864E-05        -0.88698E-05         0.43287E-06        -0.87249E-07
         0.26000E+02         0.88627E-05        -0.88665E-05         0.42897E-06        -0.87770E-07
         0.26050E+02         0.88450E-05        -0.88385E-05         0.42760E-06        -0.88301E-07
         0.26100E+02         0.88257E-05        -0.88141E-05         0.41758E-06        -0.88948E-07
         0.26150E+02         0.88083E-05        -0.87920E-05         0.41996E-06        -0.87959E-07
         0.26200E+02         0.87812E-05        -0.87733E-05         0.41583E-06        -0.90346E-07
         0.26250E+02         0.87640E-05        -0.87414E-05         0.41672E-06        -0.91117E-07
         0.26300E+02         0.87347E-05        -0.87156E-05         0.41097E-06        -0.93209E-07
         0.26350E+02         0.87039E-05        -0.86956E-05         0.40541E-06        -0.92320E-07
         0.26400E+02         0.86786E-05        -0.86713E-05         0.39980E-06        -0.91374E-07
         0.26450E+02         0.86523E-05        -0.86392E-05         0.39971E-06        -0.93524E-07
         0.26500E+02         0.86189E-05        -0.85979E-05         0.39864E-06        -0.94358E-07
         0.26550E+02         0.85880E-05        -0.85675E-05         0.39504E-06        -0.93364E-07
         0.26600E+02         0.85617E-05        -0.85378E-05         0.38753E-06        -0.94173E-07
         0.26650E+02         0.85299E-05        -0.85105E-05         0.39034E-06        -0.94511E-07
         0.26700E+02         0.84868E-05        -0.84803E-05         0.38467E-06        -0.95246E-07
         0.26750E+02         0.84563E-05        -0.84320E-05         0.38132E-06        -0.95522E-07
         0.26800E+02         0.84198E-05        -0.83983E-05         0.37301E-06        -0.95791E-07
         0.26850E+02         0.83844E-05        -0.83619E-05         0.37685E-06        -0.96352E-07
         0.26900E+02         0.83348E-05        -0.83272E-05         0.36669E-06        -0.98346E-07
         0.26950E+02         0.83063E-05        -0.82861E-05         0.36782E-06        -0.98519E-07
         0.27000E+02         0.82602E-05        -0.82387E-05         0.36235E-06        -0.97140E-07
         0.27050E+02         0.82181E-05        -0.82035E-05         0.36349E-06        -0.10034E-06
         0.27100E+02         0.81721E-05        -0.81614E-05         0.35343E-06        -0.10072E-06
         0.27150E+02         0.81279E-05        -0.81115E-05         0.34807E-06        -0.10066E-06
         0.27200E+02         0.80861E-05        -0.80711E-05         0.34267E-06        -0.10229E-06
         0.27250E+02         0.80387E-05        -0.80229E-05         0.34189E-06        -0.10203E-06
         0.27300E+02         0.79851E-05        -0.79707E-05         0.34051E-06        -0.10016E-06
         0.27350E+02         0.79360E-05        -0.79237E-05         0.34177E-06        -0.10316E-06
         0.27400E+02         0.78920E-05        -0.78705E-05         0.33258E-06        -0.10453E-06
         0.27450E+02         0.78335E-05        -0.78237E-05         0.32916E-06        -0.10449E-06
         0.27500E+02         0.77832E-05        -0.77649E-05         0.32871E-06        -0.10574E-06
         0.27550E+02         0.77254E-05        -0.77074E-05         0.32037E-06        -0.10501E-06
         0.27600E+02         0.76643E-05        -0.76559E-05         0.31786E-06        -0.10564E-06
         0.27650E+02         0.76129E-05        -0.76014E-05         0.31950E-06        -0.10674E-06
         0.27700E+02         0.75521E-05        -0.75395E-05         0.31621E-06        -0.10580E-06
         0.27750E+02         0.74903E-05        -0.74816E-05         0.30880E-06        -0.10870E-06
         0.27800E+02         0.74284E-05        -0.74160E-05         0.30573E-06        -0.10914E-06
         0.27850E+02         0.73623E-05        -0.73504E-05         0.30332E-06        -0.10982E-06
         0.27900E+02         0.73012E-05        -0.72889E-05         0.30002E-06        -0.11054E-06
         0.27950E+02         0.72386E-05        -0.72270E-05         0.29265E-06        -0.10913E-06
         0.28000E+02         0.71665E-05        -0.71617E-05         0.28741E-06        -0.10977E-06
         0.28050E+02         0.70967E-05        -0.70860E-05         0.28699E-06        -0.11169E-06
         0.28100E+02         0.70272E-05        -0.70188E-05         0.28162E-06        -0.11419E-06
         0.28150E+02         0.69555E-05        -0.69489E-05         0.27875E-06        -0.11245E-06
         0.28200E+02         0.68840E-05        -0.68744E-05         0.27639E-06        -0.11275E-06
         0.28250E+02         0.68083E-05        -0.68018E-05         0.27298E-06        -0.11292E-06
         0.28300E+02         0.67307E-05        -0.67254E-05         0.27079E-06        -0.11460E-06
         0.28350E+02         0.66517E-05        -0.66433E-05         0.26555E-06        -0.11463E-06
         0.28400E+02         0.65757E-05        -0.65692E-05         0.26027E-06        -0.11617E-06
         0.28450E+02         0.64897E-05        -0.64837E-05         0.26007E-06        -0.11619E-06
         0.28500E+02         0.64037E-05        -0.64015E-05         0.26019E-06        -0.11590E-06
         0.28550E+02         0.63227E-05        -0.63193E-05         0.25482E-06        -0.11575E-06
         0.28600E+02         0.62377E-05        -0.62362E-05         0.24929E-06        -0.11914E-06
         0.28650E+02         0.61512E-05        -0.61445E-05         0.25174E-06        -0.12044E-06
         0.28700E+02         0.60640E-05        -0.60579E-05         0.24163E-06        -0.12007E-06
         0.28750E+02         0.59712E-05        -0.59650E-05         0.24417E-06        -0.11954E-06
         0.28800E+02         0.58776E-05        -0.58734E-05         0.24415E-06        -0.12062E-06
         0.28850E+02         0.57831E-05        -0.57782E-05         0.23901E-06        -0.12002E-06
         0.28900E+02         0.56857E-05        -0.56884E-05         0.22903E-06        -0.12149E-06
         0.28950E+02         0.55911E-05        -0.55951E-05         0.22911E-06        -0.12077E-06
         0.29000E+02         0.54877E-05        -0.54930E-05         0.23120E-06        -0.12167E-06
         0.29050E+02         0.53859E-05        -0.53933E-05         0.22381E-06        -0.12080E-06
         0.29100E+02         0.52795E-05        -0.52932E-05         0.22373E-06        -0.12375E-06
         0.29150E+02         0.51815E-05        -0.51840E-05         0.22408E-06        -0.12299E-06
         0.29200E+02         0.50795E-05        -0.50831E-05         0.21842E-06        -0.12405E-06
         0.29250E+02         0.49663E-05        -0.49733E-05         0.21092E-06        -0.12286E-06
         0.29300E+02         0.48585E-05        -0.48675E-05         0.21101E-06        -0.12366E-06
         0.29350E+02         0.47463E-05        -0.47503E-05         0.21134E-06        -0.12485E-06
         0.29400E+02         0.46349E-05        -0.46471E-05         0.20904E-06        -0.12349E-06
         0.29450E+02         0.45176E-05        -0.45361E-05         0.20361E-06        -0.12444E-06
         0.29500E+02         0.44066E-05        -0.44180E-05         0.20106E-06        -0.12462E-06
         0.29550E+02         0.42903E-05        -0.42979E-05         0.19624E-06        -0.12572E-06
         0.29600E+02         0.41648E-05        -0.41850E-05         0.19622E-06        -0.12420E-06
         0.29650E+02         0.40482E-05        -0.40622E-05         0.19627E-06        -0.12482E-06
         0.29700E+02         0.39225E-05        -0.39443E-05         0.18812E-06        -0.12549E-06
         0.29750E+02         0.38091E-05        -0.38161E-05         0.19644E-06        -0.12618E-06
         0.29800E+02         0.36790E-05        -0.36950E-05         0.18866E-06        -0.12473E-06
         0.29850E+02         0.35572E-05        -0.35719E-05         0.18308E-06        -0.12321E-06
         0.29900E+02         0.34266E-05        -0.34462E-05         0.18327E-06        -0.12551E-06
         0.29950E+02         0.32976E-05        -0.33170E-05         0.18328E-06        -0.12367E-06
         0.30000E+02         0.31639E-05        -0.31844E-05         0.18109E-06        -0.12461E-06
         0.30050E+02         0.30378E-05        -0.30499E-05         0.17875E-06        -0.12503E-06
         0.30100E+02         0.28973E-05        -0.29227E-05         0.17314E-06        -0.12527E-06
         0.30150E+02         0.27654E-05        -0.27845E-05         0.17361E-06        -0.12560E-06
         0.30200E+02         0.26226E-05        -0.26492E-05         0.17068E-06        -0.12202E-06
         0.30250E+02         0.24847E-05        -0.25109E-05         0.17363E-06        -0.12205E-06
         0.30300E+02         0.23460E-05        -0.23742E-05         0.17394E-06        -0.12232E-06
         0.30350E+02         0.22050E-05        -0.22329E-05         0.16556E-06        -0.12464E-06
         0.30400E+02         0.20617E-05        -0.20915E-05         0.16332E-06        -0.12302E-06
         0.30450E+02         0.19215E-05        -0.19512E-05         0.16291E-06        -0.12149E-06
         0.30500E+02         0.17719E-05        -0.18044E-05         0.16649E-06        -0.12346E-06
         0.30550E+02         0.16252E-05        -0.16604E-05         0.15778E-06        -0.12206E-06
         0.30600E+02         0.14911E-05        -0.15128E-05         0.15861E-06        -0.12009E-06
         0.30650E+02         0.13398E-05        -0.13690E-05         0.15847E-06        -0.12228E-06
         0.30700E+02         0.11837E-05        -0.12267E-05         0.15799E-06        -0.12235E-06
         0.30750E+02         0.10372E-05        -0.10701E-05         0.15584E-06        -0.11843E-06
         0.30800E+02         0.88413E-06        -0.91708E-06         0.15584E-06        -0.11845E-06
         0.30850E+02         0.73019E-06        -0.77165E-06         0.15551E-06        -0.11884E-06
         0.30900E+02         0.58032E-06        -0.61290E-06         0.15055E-06        -0.11888E-06
         0.30950E+02         0.42712E-06        -0.46163E-06         0.14736E-06        -0.11685E-06
         0.31000E+02         0.26807E-06        -0.30189E-06         0.15008E-06        -0.11482E-06
         0.31050E+02         0.11049E-06        -0.15299E-06         0.15017E-06        -0.11500E-06
         0.31100E+02        -0.46831E-07         0.81205E-08         0.14766E-06        -0.11370E-06
         0.31150E+02        -0.20331E-06         0.16112E-06         0.14997E-06        -0.11314E-06
         0.31200E+02        -0.36579E-06         0.31939E-06         0.14717E-06        -0.11048E-06
         0.31250E+02        -0.52178E-06         0.48083E-06         0.14681E-06        -0.10988E-06
         0.31300E+02        -0.68515E-06         0.63797E-06         0.14718E-06        -0.10917E-06
         0.31350E+02        -0.85211E-06         0.80588E-06         0.14712E-06        -0.10814E-06
         0.31400E+02        -0.10105E-05         0.96938E-06         0.14740E-06        -0.10794E-06
         0.31450E+02        -0.11683E-05         0.11243E-05         0.14042E-06        -0.10716E-06
         0.31500E+02        -0.13401E-05         0.12882E-05         0.14430E-06        -0.10489E-06
         0.31550E+02        -0.14980E-05         0.14577E-05         0.14702E-06        -0.10551E-06
         0.31600E+02        -0.16669E-05         0.16136E-05         0.14088E-06        -0.10299E-06
         0.31650E+02        -0.18346E-05         0.17791E-05         0.14345E-06        -0.10204E-06
         0.31700E+02        -0.19992E-05         0.19439E-05         0.13729E-06        -0.10155E-06
         0.31750E+02        -0.21689E-05         0.21166E-05         0.14639E-06        -0.98750E-07
         0.31800E+02        -0.23358E-05         0.22782E-05         0.13665E-06        -0.97698E-07
         0.31850E+02        -0.24981E-05         0.24423E-05         0.14183E-06        -0.97360E-07
         0.31900E+02        -0.26725E-05         0.26142E-05         0.13888E-06        -0.96193E-07
         0.31950E+02        -0.28324E-05         0.27795E-05         0.13841E-06        -0.93708E-07
         0.32000E+02        -0.30036E-05         0.29458E-05         0.14778E-06        -0.92687E-07
         0.32050E+02        -0.31719E-05         0.31166E-05         0.14365E-06        -0.90084E-07
         0.32100E+02        -0.33508E-05         0.32754E-05         0.13664E-06        -0.90004E-07
         0.32150E+02        -0.35099E-05         0.34462E-05         0.14589E-06        -0.88673E-07
         0.32200E+02        -0.36747E-05         0.36129E-05         0.13910E-06        -0.87114E-07
         0.32250E+02        -0.38423E-05         0.37785E-05         0.13887E-06        -0.85565E-07
         0.32300E+02        -0.40106E-05         0.39505E-05         0.14105E-06        -0.83955E-07
         0.32350E+02        -0.41889E-05         0.41136E-05         0.13761E-06        -0.82235E-07
         0.32400E+02        -0.43546E-05         0.42853E-05         0.13985E-06        -0.81198E-07
         0.32450E+02        -0.45240E-05         0.44509E-05         0.13648E-06        -0.79402E-07
         0.32500E+02        -0.46873E-05         0.46247E-05         0.14142E-06        -0.77847E-07
         0.32550E+02        -0.48551E-05         0.47928E-05         0.13509E-06        -0.76418E-07
         0.32600E+02        -0.50265E-05         0.49578E-05         0.14038E-06        -0.74678E-07
         0.32650E+02        -0.51887E-05         0.51268E-05         0.13882E-06        -0.72703E-07
         0.32700E+02        -0.53557E-05         0.52837E-05         0.13803E-06        -0.71263E-07
         0.32750E+02        -0.55274E-05         0.54521E-05         0.14122E-06        -0.69696E-07
         0.32800E+02        -0.56870E-05         0.56204E-05         0.14289E-06        -0.67980E-07
         0.32850E+02        -0.58518E-05         0.57828E-05         0.14887E-06        -0.66430E-07
         0.32900E+02        -0.60164E-05         0.59501E-05         0.13789E-06        -0.65003E-07
         0.32950E+02        -0.61844E-05         0.61139E-05         0.14322E-06        -0.63286E-07
         0.33000E+02        -0.63425E-05         0.62783E-05         0.14242E-06        -0.61866E-07
         0.33050E+02        -0.65135E-05         0.64372E-05         0.14180E-06        -0.60159E-07
         0.33100E+02        -0.66721E-05         0.65991E-05         0.14641E-06        -0.58477E-07
         0.33150E+02        -0.68360E-05         0.67609E-05         0.14264E-06        -0.56506E-07
         0.33200E+02        -0.69990E-05         0.69272E-05         0.14387E-06        -0.54834E-07
         0.33250E+02        -0.71523E-05         0.70854E-05         0.14324E-06        -0.53652E-07
         0.33300E+02        -0.73143E-05         0.72430E-05         0.14208E-06        -0.51798E-07
         0.33350E+02        -0.74751E-05         0.73941E-05         0.14322E-06        -0.50153E-07
         0.33400E+02        -0.76312E-05         0.75530E-05         0.15210E-06        -0.48549E-07
         0.33450E+02        -0.77787E-05         0.77062E-05         0.15339E-06        -0.46947E-07
         0.33500E+02        -0.79436E-05         0.78588E-05         0.14986E-06        -0.45620E-07
         0.33550E+02        -0.80915E-05         0.80146E-05         0.14797E-06        -0.44228E-07
         0.33600E+02        -0.82387E-05         0.81644E-05         0.15263E-06        -0.42477E-07
         0.33650E+02        -0.83976E-05         0.83158E-05         0.14785E-06        -0.40614E-07
         0.33700E+02        -0.85423E-05         0.84697E-05         0.14679E-06        -0.39168E-07
         0.33750E+02        -0.86867E-05         0.86061E-05         0.15533E-06        -0.37848E-07
         0.33800E+02        -0.88365E-05         0.87515E-05         0.14974E-06        -0.36426E-07
         0.33850E+02        -0.89751E-05         0.89001E-05         0.15851E-06        -0.35112E-07
         0.33900E+02        -0.91259E-05         0.90463E-05         0.14913E-06        -0.33436E-07
         0.33950E+02        -0.92538E-05         0.91875E-05         0.16157E-06        -0.32159E-07
         0.34000E+02        -0.93922E-05         0.93244E-05         0.16312E-06        -0.30451E-07
         0.34050E+02        -0.95321E-05         0.94579E-05         0.16069E-06        -0.29110E-07
         0.34100E+02        -0.96685E-05         0.96015E-05         0.16231E-06        -0.27888E-07
         0.34150E+02        -0.97997E-05         0.97282E-05         0.15525E-06        -0.26488E-07
         0.34200E+02        -0.99288E-05         0.98499E-05         0.15949E-06        -0.25210E-07
         0.34250E+02        -0.10061E-04         0.99885E-05         0.16142E-06        -0.23851E-07
         0.34300E+02        -0.10184E-04         0.10119E-04         0.15849E-06        -0.22509E-07
         0.34350E+02        -0.10314E-04         0.10236E-04         0.15672E-06        -0.21451E-07
         0.34400E+02        -0.10432E-04         0.10361E-04         0.16199E-06        -0.20054E-07
         0.34450E+02        -0.10550E-04         0.10486E-04         0.15895E-06        -0.18763E-07
         0.34500E+02        -0.10669E-04         0.10595E-04         0.15347E-06        -0.17903E-07
         0.34550E+02        -0.10781E-04         0.10714E-04         0.16576E-06        -0.16553E-07
         0.34600E+02        -0.10895E-04         0.10823E-04         0.15629E-06        -0.15497E-07
         0.34650E+02        -0.11000E-04         0.10934E-04         0.16403E-06        -0.14123E-07
         0.34700E+02        -0.11110E-04         0.11044E-04         0.16648E-06        -0.13092E-07
         0.34750E+02        -0.11208E-04         0.11147E-04         0.15659E-06        -0.12141E-07
         0.34800E+02        -0.11314E-04         0.11253E-04         0.16161E-06        -0.11282E-07
         0.34850E+02        -0.11409E-04         0.11347E-04         0.16625E-06        -0.10060E-07
         0.34900E+02        -0.11512E-04         0.11449E-04         0.16652E-06        -0.93623E-08
         0.34950E+02        -0.11601E-04         0.11544E-04         0.16559E-06        -0.82669E-08
         0.35000E+02        -0.11692E-04         0.11632E-04         0.16571E-06        -0.72650E-08
         0.35050E+02        -0.11770E-04         0.11720E-04         0.16359E-06        -0.66052E-08
         0.35100E+02        -0.11848E-04         0.11798E-04         0.16827E-06        -0.56095E-08
         0.35150E+02        -0.11933E-04         0.11885E-04         0.16958E-06        -0.48634E-08
         0.35200E+02        -0.12016E-04         0.11966E-04         0.17084E-06        -0.40208E-08
         0.35250E+02        -0.12085E-04         0.12039E-04         0.17058E-06        -0.31541E-08
         0.35300E+02        -0.12159E-04         0.12101E-04         0.17194E-06        -0.25958E-08
         0.35350E+02        -0.12216E-04         0.12179E-04         0.16774E-06        -0.17317E-08
         0.35400E+02        -0.12281E-04         0.12238E-04         0.17252E-06        -0.11985E-08
         0.35450E+02        -0.12337E-04         0.12301E-04         0.17909E-06        -0.49610E-09
         0.35500E+02        -0.12396E-04         0.12355E-04         0.17907E-06         0.68093E-10
         0.35550E+02        -0.12439E-04         0.12411E-04         0.17394E-06         0.83348E-09
         0.35600E+02        -0.12494E-04         0.12460E-04         0.17367E-06         0.14672E-08
         0.35650E+02        -0.12541E-04         0.12508E-04         0.17819E-06         0.20067E-08
         0.35700E+02        -0.12580E-04         0.12548E-04         0.17940E-06         0.24412E-08
         0.35750E+02        -0.12610E-04         0.12583E-04         0.17695E-06         0.29919E-08
         0.35800E+02        -0.12649E-04         0.12624E-04         0.17252E-06         0.34469E-08
         0.35850E+02        -0.12678E-04         0.12654E-04         0.17566E-06         0.38149E-08
         0.35900E+02        -0.12698E-04         0.12678E-04         0.17626E-06         0.42177E-08
         0.35950E+02        -0.12718E-04         0.12704E-04         0.17828E-06         0.47540E-08
         0.36000E+02        -0.12740E-04         0.12721E-04         0.17846E-06         0.50905E-08
         0.36050E+02        -0.12748E-04         0.12733E-04         0.17880E-06         0.52753E-08
         0.36100E+02        -0.12757E-04         0.12745E-04         0.17793E-06         0.57125E-08
         0.36150E+02        -0.12763E-04         0.12755E-04         0.17775E-06         0.59832E-08
         0.36200E+02        -0.12760E-04         0.12757E-04         0.18189E-06         0.62273E-08
         0.36250E+02        -0.12757E-04         0.12753E-04         0.18184E-06         0.64548E-08
         0.36300E+02        -0.12751E-04         0.12746E-04         0.18206E-06         0.66506E-08
         0.36350E+02        -0.12738E-04         0.12738E-04         0.18196E-06         0.69526E-08
         0.36400E+02        -0.12717E-04         0.12721E-04         0.18498E-06         0.69444E-08
         0.36450E+02        -0.12700E-04         0.12707E-04         0.18133E-06         0.70756E-08
         0.36500E+02        -0.12674E-04         0.12681E-04         0.18005E-06         0.72361E-08
         0.36550E+02        -0.12647E-04         0.12656E-04         0.18482E-06         0.75148E-08
         0.36600E+02        -0.12609E-04         0.12622E-04         0.18289E-06         0.76591E-08
         0.36650E+02        -0.12572E-04         0.12592E-04         0.18612E-06         0.73776E-08
         0.36700E+02        -0.12525E-04         0.12543E-04         0.18300E-06         0.74980E-08
         0.36750E+02        -0.12484E-04         0.12508E-04         0.18750E-06         0.74659E-08
         0.36800E+02        -0.12426E-04         0.12457E-04         0.19106E-06         0.76180E-08
         0.36850E+02        -0.12370E-04         0.12405E-04         0.18696E-06         0.73353E-08
         0.36900E+02        -0.12313E-04         0.12345E-04         0.18539E-06         0.73669E-08
         0.36950E+02        -0.12249E-04         0.12291E-04         0.18734E-06         0.74160E-08
         0.37000E+02        -0.12181E-04         0.12222E-04         0.19353E-06         0.71578E-08
         0.37050E+02        -0.12110E-04         0.12148E-04         0.19332E-06         0.72840E-08
         0.37100E+02        -0.12033E-04         0.12076E-04         0.18792E-06         0.70687E-08
         0.37150E+02        -0.11951E-04         0.12000E-04         0.19245E-06         0.69898E-08
         0.37200E+02        -0.11868E-04         0.11915E-04         0.19180E-06         0.67338E-08
         0.37250E+02        -0.11768E-04         0.11834E-04         0.19248E-06         0.65715E-08
         0.37300E+02        -0.11677E-04         0.11732E-04         0.19240E-06         0.63554E-08
         0.37350E+02        -0.11580E-04         0.11644E-04         0.19243E-06         0.62105E-08
         0.37400E+02        -0.11474E-04         0.11544E-04         0.19624E-06         0.58284E-08
         0.37450E+02        -0.11371E-04         0.11440E-04         0.19391E-06         0.57392E-08
         0.37500E+02        -0.11261E-04         0.11336E-04         0.19555E-06         0.53966E-08
         0.37550E+02        -0.11149E-04         0.11218E-04         0.19983E-06         0.51628E-08
         0.37600E+02        -0.11032E-04         0.11104E-04         0.19531E-06         0.49276E-08
         0.37650E+02        -0.10908E-04         0.10987E-04         0.19918E-06         0.47298E-08
         0.37700E+02        -0.10782E-04         0.10860E-04         0.19479E-06         0.43988E-08
         0.37750E+02        -0.10648E-04         0.10738E-04         0.19885E-06         0.41179E-08
         0.37800E+02        -0.10513E-04         0.10603E-04         0.20017E-06         0.37946E-08
         0.37850E+02        -0.10375E-04         0.10466E-04         0.19993E-06         0.34176E-08
         0.37900E+02        -0.10233E-04         0.10328E-04         0.20222E-06         0.31285E-08
         0.37950E+02        -0.10080E-04         0.10185E-04         0.19902E-06         0.27809E-08
         0.38000E+02        -0.99353E-05         0.10034E-04         0.20400E-06         0.23952E-08
         0.38050E+02        -0.97837E-05         0.98841E-05         0.20409E-06         0.20535E-08
         0.38100E+02        -0.96265E-05         0.97283E-05         0.20839E-06         0.16693E-08
         0.38150E+02        -0.94626E-05         0.95784E-05         0.20888E-06         0.13505E-08
         0.38200E+02        -0.93011E-05         0.94112E-05         0.20640E-06         0.77581E-09
         0.38250E+02        -0.91334E-05         0.92516E-05         0.20854E-06         0.50379E-09
         0.38300E+02        -0.89646E-05         0.90778E-05         0.20517E-06         0.98902E-10
         0.38350E+02        -0.87848E-05         0.89050E-05         0.20942E-06        -0.32426E-09
         0.38400E+02        -0.86030E-05         0.87344E-05         0.21104E-06        -0.62823E-09
         0.38450E+02        -0.84318E-05         0.85495E-05         0.21111E-06        -0.11132E-08
         0.38500E+02        -0.82447E-05         0.83714E-05         0.21158E-06        -0.15917E-08
         0.38550E+02        -0.80509E-05         0.81844E-05         0.21598E-06        -0.20282E-08
         0.38600E+02        -0.78625E-05         0.79949E-05         0.21578E-06        -0.23049E-08
         0.38650E+02        -0.76675E-05         0.78050E-05         0.21358E-06        -0.28427E-08
         0.38700E+02        -0.74698E-05         0.76115E-05         0.21838E-06        -0.31792E-08
         0.38750E+02        -0.72650E-05         0.74163E-05         0.21706E-06        -0.36936E-08
         0.38800E+02        -0.70611E-05         0.72130E-05         0.21908E-06        -0.41916E-08
         0.38850E+02        -0.68612E-05         0.70048E-05         0.22520E-06        -0.45879E-08
         0.38900E+02        -0.66494E-05         0.68003E-05         0.22543E-06        -0.50611E-08
         0.38950E+02        -0.64388E-05         0.65966E-05         0.22515E-06        -0.53949E-08
         0.39000E+02        -0.62221E-05         0.63816E-05         0.22600E-06        -0.59831E-08
         0.39050E+02        -0.60052E-05         0.61674E-05         0.22337E-06        -0.62897E-08
         0.39100E+02        -0.57809E-05         0.59435E-05         0.22809E-06        -0.67331E-08
         0.39150E+02        -0.55571E-05         0.57219E-05         0.22982E-06        -0.72412E-08
         0.39200E+02        -0.53318E-05         0.55065E-05         0.22912E-06        -0.76489E-08
         0.39250E+02        -0.51026E-05         0.52721E-05         0.23425E-06        -0.81407E-08
         0.39300E+02        -0.48695E-05         0.50458E-05         0.23465E-06        -0.85609E-08
         0.39350E+02        -0.46373E-05         0.48184E-05         0.22720E-06        -0.89724E-08
         0.39400E+02        -0.44048E-05         0.45811E-05         0.23355E-06        -0.94416E-08
         0.39450E+02        -0.41658E-05         0.43493E-05         0.23858E-06        -0.98583E-08
         0.39500E+02        -0.39228E-05         0.41135E-05         0.24132E-06        -0.10257E-07
         0.39550E+02        -0.36809E-05         0.38700E-05         0.23574E-06        -0.10672E-07
         0.39600E+02        -0.34362E-05         0.36277E-05         0.24161E-06        -0.11035E-07
         0.39650E+02        -0.31884E-05         0.33821E-05         0.23927E-06        -0.11492E-07
         0.39700E+02        -0.29409E-05         0.31358E-05         0.24212E-06        -0.11891E-07
         0.39750E+02        -0.26910E-05         0.28885E-05         0.24535E-06        -0.12309E-07
         0.39800E+02        -0.24308E-05         0.26384E-05         0.24352E-06        -0.12668E-07
         0.39850E+02        -0.21788E-05         0.23784E-05         0.24835E-06        -0.13115E-07
         0.39900E+02        -0.19264E-05         0.21206E-05         0.24965E-06        -0.13494E-07
         0.39950E+02        -0.16647E-05         0.18701E-05         0.24619E-06        -0.13879E-07
         0.40000E+02        -0.13977E-05         0.16145E-05         0.24657E-06        -0.14247E-07
         0.40050E+02        -0.11341E-05         0.13562E-05         0.25534E-06        -0.14589E-07
         0.40100E+02        -0.87371E-06         0.10890E-05         0.25454E-06        -0.14981E-07
         0.40150E+02        -0.60515E-06         0.82234E-06         0.25631E-06        -0.15290E-07
         0.40200E+02        -0.33946E-06         0.55410E-06         0.25722E-06        -0.15675E-07
         0.40250E+02        -0.61146E-07         0.29381E-06         0.25482E-06        -0.16065E-07
         0.40300E+02         0.20464E-06         0.21279E-07         0.25620E-06        -0.16373E-07
         0.40350E+02         0.47765E-06        -0.25663E-06         0.25267E-06        -0.16637E-07
         0.40400E+02         0.75940E-06        -0.52625E-06         0.26294E-06        -0.16980E-07
         0.40450E+02         0.10322E-05        -0.80196E-06         0.25942E-06        -0.17303E-07
         0.40500E+02         0.13134E-05        -0.10805E-05         0.26554E-06        -0.17567E-07
         0.40550E+02         0.15902E-05        -0.13610E-05         0.26267E-06        -0.17856E-07
         0.40600E+02         0.18747E-05        -0.16409E-05         0.26429E-06        -0.18184E-07
         0.40650E+02         0.21581E-05        -0.19223E-05         0.26462E-06        -0.18374E-07
         0.40700E+02         0.24475E-05        -0.22068E-05         0.27081E-06        -0.18691E-07
         0.40750E+02         0.27291E-05        -0.24917E-05         0.26336E-06        -0.18931E-07
         0.40800E+02         0.30222E-05        -0.27721E-05         0.27334E-06        -0.19187E-07
         0.40850E+02         0.33100E-05        -0.30645E-05         0.27012E-06        -0.19406E-07
         0.40900E+02         0.36027E-05        -0.33556E-05         0.26722E-06        -0.19693E-07
         0.40950E+02         0.38939E-05        -0.36391E-05         0.27210E-06        -0.19848E-07
         0.41000E+02         0.41870E-05        -0.39334E-05         0.26880E-06        -0.20060E-07
         0.41050E+02         0.44844E-05        -0.42246E-05         0.26967E-06        -0.20266E-07
         0.41100E+02         0.47823E-05        -0.45176E-05         0.27001E-06        -0.20499E-07
         0.41150E+02         0.50748E-05        -0.48150E-05         0.26985E-06        -0.20622E-07
         0.41200E+02         0.53754E-05        -0.51027E-05         0.26515E-06        -0.20805E-07
         0.41250E+02         0.56737E-05        -0.54052E-05         0.26955E-06        -0.20953E-07
         0.41300E+02         0.59679E-05        -0.56973E-05         0.27187E-06        -0.21090E-07
         0.41350E+02         0.62611E-05        -0.59817E-05         0.26758E-06        -0.21208E-07
         0.41400E+02         0.65537E-05        -0.62630E-05         0.26460E-06        -0.21339E-07
         0.41450E+02         0.68283E-05        -0.65394E-05         0.26094E-06        -0.21707E-07
         0.41500E+02         0.70969E-05        -0.67954E-05         0.25655E-06        -0.21828E-07
         0.41550E+02         0.73419E-05        -0.70323E-05         0.24912E-06        -0.21747E-07
         0.41600E+02         0.75386E-05        -0.72250E-05         0.23824E-06        -0.21915E-07
         0.41650E+02         0.76611E-05        -0.73300E-05         0.22575E-06        -0.21984E-07
         0.41700E+02         0.76319E-05        -0.72848E-05         0.20298E-06        -0.22533E-07
         0.41750E+02         0.73031E-05        -0.69225E-05         0.17041E-06        -0.22378E-07
         0.41800E+02         0.63166E-05        -0.59100E-05         0.11991E-06        -0.23658E-07
         0.41850E+02         0.37746E-05        -0.33338E-05         0.30902E-07        -0.25929E-07
         0.41900E+02        -0.21286E-05         0.26251E-05        -0.10457E-06        -0.29717E-07
         0.41950E+02        -0.10777E-04         0.11285E-04        -0.21614E-06        -0.33428E-07
         0.42000E+02        -0.11507E-04         0.11920E-04        -0.12445E-06        -0.33090E-07
         0.42050E+02        -0.50683E-05         0.53609E-05         0.77528E-07        -0.31105E-07
         0.42100E+02         0.29143E-06        -0.59788E-07         0.20342E-06        -0.28951E-07
         0.42150E+02         0.36158E-05        -0.33997E-05         0.26806E-06        -0.27543E-07
         0.42200E+02         0.57176E-05        -0.55119E-05         0.30666E-06        -0.26595E-07
         0.42250E+02         0.71544E-05        -0.69414E-05         0.32479E-06        -0.26000E-07
         0.42300E+02         0.82118E-05        -0.80140E-05         0.33222E-06        -0.25557E-07
         0.42350E+02         0.90483E-05        -0.88315E-05         0.34150E-06        -0.25061E-07
         0.42400E+02         0.97473E-05        -0.95238E-05         0.35463E-06        -0.24825E-07
         0.42450E+02         0.10328E-04        -0.10123E-04         0.34831E-06        -0.24582E-07
         0.42500E+02         0.10872E-04        -0.10654E-04         0.35670E-06        -0.24432E-07
         0.42550E+02         0.11353E-04        -0.11129E-04         0.35886E-06        -0.24235E-07
         0.42600E+02         0.11803E-04        -0.11579E-04         0.36173E-06        -0.24072E-07
         0.42650E+02         0.12231E-04        -0.12011E-04         0.36977E-06        -0.23968E-07
         0.42700E+02         0.12640E-04        -0.12412E-04         0.37165E-06        -0.23694E-07
         0.42750E+02         0.13037E-04        -0.12804E-04         0.36942E-06        -0.23662E-07
         0.42800E+02         0.13412E-04        -0.13188E-04         0.37326E-06        -0.23451E-07
         0.42850E+02         0.13784E-04        -0.13557E-04         0.37141E-06        -0.23298E-07
         0.42900E+02         0.14147E-04        -0.13915E-04         0.37969E-06        -0.23190E-07
         0.42950E+02         0.14500E-04        -0.14268E-04         0.38273E-06        -0.23088E-07
         0.43000E+02         0.14849E-04        -0.14623E-04         0.38062E-06        -0.22931E-07
         0.43050E+02         0.15200E-04        -0.14966E-04         0.38472E-06        -0.22810E-07
         0.43100E+02         0.15539E-04        -0.15307E-04         0.38329E-06        -0.22593E-07
         0.43150E+02         0.15878E-04        -0.15649E-04         0.39192E-06        -0.22422E-07
         0.43200E+02         0.16217E-04        -0.15987E-04         0.39387E-06        -0.22322E-07
         0.43250E+02         0.16551E-04        -0.16321E-04         0.39405E-06        -0.22065E-07
         0.43300E+02         0.16880E-04        -0.16654E-04         0.39758E-06        -0.21864E-07
         0.43350E+02         0.17216E-04        -0.16988E-04         0.40761E-06        -0.21718E-07
         0.43400E+02         0.17541E-04        -0.17317E-04         0.40688E-06        -0.21516E-07
         0.43450E+02         0.17879E-04        -0.17650E-04         0.40595E-06        -0.21322E-07
         0.43500E+02         0.18204E-04        -0.17978E-04         0.40383E-06        -0.21144E-07
         0.43550E+02         0.18533E-04        -0.18312E-04         0.41364E-06        -0.20886E-07
         0.43600E+02         0.18862E-04        -0.18641E-04         0.42328E-06        -0.20777E-07

