         0.13650E+02         0.15068E+02         0.15068E+02         0.15068E+02         0.00000E+00
         0.13700E+02         0.15116E+02         0.15116E+02         0.15116E+02         0.00000E+00
         0.13750E+02         0.15162E+02         0.15162E+02         0.15162E+02         0.00000E+00
         0.13800E+02         0.15206E+02         0.15206E+02         0.15206E+02         0.00000E+00
         0.13850E+02         0.15249E+02         0.15249E+02         0.15249E+02         0.00000E+00
         0.13900E+02         0.15290E+02         0.15290E+02         0.15290E+02         0.00000E+00
         0.13950E+02         0.15329E+02         0.15329E+02         0.15329E+02         0.00000E+00
         0.14000E+02         0.15367E+02         0.15367E+02         0.15367E+02         0.00000E+00
         0.14050E+02         0.15402E+02         0.15402E+02         0.15402E+02         0.00000E+00
         0.14100E+02         0.15436E+02         0.15436E+02         0.15436E+02         0.00000E+00
         0.14150E+02         0.15469E+02         0.15469E+02         0.15469E+02         0.00000E+00
         0.14200E+02         0.15499E+02         0.15499E+02         0.15499E+02         0.00000E+00
         0.14250E+02         0.15528E+02         0.15528E+02         0.15528E+02         0.00000E+00
         0.14300E+02         0.15556E+02         0.15556E+02         0.15556E+02         0.00000E+00
         0.14350E+02         0.15581E+02         0.15581E+02         0.15581E+02         0.00000E+00
         0.14400E+02         0.15605E+02         0.15605E+02         0.15605E+02         0.00000E+00
         0.14450E+02         0.15627E+02         0.15627E+02         0.15627E+02         0.00000E+00
         0.14500E+02         0.15648E+02         0.15648E+02         0.15648E+02         0.00000E+00
         0.14550E+02         0.15667E+02         0.15667E+02         0.15667E+02         0.00000E+00
         0.14600E+02         0.15685E+02         0.15684E+02         0.15685E+02         0.00000E+00
         0.14650E+02         0.15700E+02         0.15700E+02         0.15700E+02         0.00000E+00
         0.14700E+02         0.15715E+02         0.15715E+02         0.15715E+02         0.00000E+00
         0.14750E+02         0.15728E+02         0.15728E+02         0.15728E+02         0.00000E+00
         0.14800E+02         0.15739E+02         0.15739E+02         0.15739E+02         0.00000E+00
         0.14850E+02         0.15749E+02         0.15749E+02         0.15749E+02         0.00000E+00
         0.14900E+02         0.15757E+02         0.15757E+02         0.15757E+02         0.00000E+00
         0.14950E+02         0.15764E+02         0.15764E+02         0.15765E+02         0.00000E+00
         0.15000E+02         0.15770E+02         0.15770E+02         0.15770E+02         0.00000E+00
         0.15050E+02         0.15774E+02         0.15774E+02         0.15775E+02         0.00000E+00
         0.15100E+02         0.15777E+02         0.15777E+02         0.15777E+02         0.00000E+00
         0.15150E+02         0.15779E+02         0.15779E+02         0.15779E+02         0.00000E+00
         0.15200E+02         0.15779E+02         0.15779E+02         0.15780E+02         0.00000E+00
         0.15250E+02         0.15779E+02         0.15779E+02         0.15779E+02         0.00000E+00
         0.15300E+02         0.15776E+02         0.15776E+02         0.15777E+02         0.00000E+00
         0.15350E+02         0.15773E+02         0.15773E+02         0.15773E+02         0.00000E+00
         0.15400E+02         0.15769E+02         0.15769E+02         0.15769E+02         0.00000E+00
         0.15450E+02         0.15763E+02         0.15763E+02         0.15763E+02         0.00000E+00
         0.15500E+02         0.15756E+02         0.15756E+02         0.15756E+02         0.00000E+00
         0.15550E+02         0.15749E+02         0.15749E+02         0.15749E+02         0.00000E+00
         0.15600E+02         0.15740E+02         0.15740E+02         0.15740E+02         0.00000E+00
         0.15650E+02         0.15730E+02         0.15730E+02         0.15730E+02         0.00000E+00
         0.15700E+02         0.15719E+02         0.15719E+02         0.15719E+02         0.00000E+00
         0.15750E+02         0.15707E+02         0.15707E+02         0.15707E+02         0.00000E+00
         0.15800E+02         0.15694E+02         0.15694E+02         0.15694E+02         0.00000E+00
         0.15850E+02         0.15680E+02         0.15680E+02         0.15680E+02         0.00000E+00
         0.15900E+02         0.15665E+02         0.15665E+02         0.15665E+02         0.00000E+00
         0.15950E+02         0.15649E+02         0.15649E+02         0.15649E+02         0.00000E+00
         0.16000E+02         0.15633E+02         0.15633E+02         0.15633E+02         0.00000E+00
         0.16050E+02         0.15615E+02         0.15615E+02         0.15615E+02         0.00000E+00
         0.16100E+02         0.15597E+02         0.15597E+02         0.15597E+02         0.00000E+00
         0.16150E+02         0.15578E+02         0.15578E+02         0.15578E+02         0.00000E+00
         0.16200E+02         0.15558E+02         0.15558E+02         0.15558E+02         0.00000E+00
         0.16250E+02         0.15537E+02         0.15537E+02         0.15537E+02         0.00000E+00
         0.16300E+02         0.15515E+02         0.15515E+02         0.15516E+02         0.00000E+00
         0.16350E+02         0.15493E+02         0.15493E+02         0.15493E+02         0.00000E+00
         0.16400E+02         0.15470E+02         0.15470E+02         0.15471E+02         0.00000E+00
         0.16450E+02         0.15447E+02         0.15447E+02         0.15447E+02         0.00000E+00
         0.16500E+02         0.15423E+02         0.15423E+02         0.15423E+02         0.00000E+00
         0.16550E+02         0.15398E+02         0.15398E+02         0.15398E+02         0.00000E+00
         0.16600E+02         0.15372E+02         0.15372E+02         0.15372E+02         0.00000E+00
         0.16650E+02         0.15346E+02         0.15346E+02         0.15346E+02         0.00000E+00
         0.16700E+02         0.15319E+02         0.15319E+02         0.15319E+02         0.00000E+00
         0.16750E+02         0.15292E+02         0.15292E+02         0.15292E+02         0.00000E+00
         0.16800E+02         0.15264E+02         0.15264E+02         0.15264E+02         0.00000E+00
         0.16850E+02         0.15236E+02         0.15236E+02         0.15236E+02         0.00000E+00
         0.16900E+02         0.15207E+02         0.15207E+02         0.15207E+02         0.00000E+00
         0.16950E+02         0.15178E+02         0.15178E+02         0.15178E+02         0.00000E+00
         0.17000E+02         0.15148E+02         0.15148E+02         0.15148E+02         0.00000E+00
         0.17050E+02         0.15117E+02         0.15117E+02         0.15118E+02         0.00000E+00
         0.17100E+02         0.15087E+02         0.15087E+02         0.15087E+02         0.00000E+00
         0.17150E+02         0.15056E+02         0.15056E+02         0.15056E+02         0.00000E+00
         0.17200E+02         0.15024E+02         0.15024E+02         0.15024E+02         0.00000E+00
         0.17250E+02         0.14992E+02         0.14992E+02         0.14992E+02         0.00000E+00
         0.17300E+02         0.14959E+02         0.14959E+02         0.14960E+02         0.00000E+00
         0.17350E+02         0.14927E+02         0.14927E+02         0.14927E+02         0.00000E+00
         0.17400E+02         0.14894E+02         0.14894E+02         0.14894E+02         0.00000E+00
         0.17450E+02         0.14860E+02         0.14860E+02         0.14860E+02         0.00000E+00
         0.17500E+02         0.14826E+02         0.14826E+02         0.14826E+02         0.00000E+00
         0.17550E+02         0.14792E+02         0.14792E+02         0.14792E+02         0.00000E+00
         0.17600E+02         0.14758E+02         0.14758E+02         0.14758E+02         0.00000E+00
         0.17650E+02         0.14723E+02         0.14723E+02         0.14723E+02         0.00000E+00
         0.17700E+02         0.14688E+02         0.14688E+02         0.14688E+02         0.00000E+00
         0.17750E+02         0.14653E+02         0.14653E+02         0.14653E+02         0.00000E+00
         0.17800E+02         0.14618E+02         0.14618E+02         0.14618E+02         0.00000E+00
         0.17850E+02         0.14582E+02         0.14582E+02         0.14582E+02         0.00000E+00
         0.17900E+02         0.14546E+02         0.14546E+02         0.14546E+02         0.00000E+00
         0.17950E+02         0.14510E+02         0.14510E+02         0.14510E+02         0.00000E+00
         0.18000E+02         0.14474E+02         0.14474E+02         0.14474E+02         0.00000E+00
         0.18050E+02         0.14437E+02         0.14437E+02         0.14437E+02         0.00000E+00
         0.18100E+02         0.14401E+02         0.14401E+02         0.14401E+02         0.00000E+00
         0.18150E+02         0.14364E+02         0.14364E+02         0.14364E+02         0.00000E+00
         0.18200E+02         0.14327E+02         0.14327E+02         0.14327E+02         0.00000E+00
         0.18250E+02         0.14290E+02         0.14290E+02         0.14290E+02         0.00000E+00
         0.18300E+02         0.14252E+02         0.14252E+02         0.14252E+02         0.00000E+00
         0.18350E+02         0.14215E+02         0.14215E+02         0.14215E+02         0.00000E+00
         0.18400E+02         0.14177E+02         0.14177E+02         0.14177E+02         0.00000E+00
         0.18450E+02         0.14140E+02         0.14140E+02         0.14140E+02         0.00000E+00
         0.18500E+02         0.14102E+02         0.14102E+02         0.14102E+02         0.00000E+00
         0.18550E+02         0.14064E+02         0.14064E+02         0.14064E+02         0.00000E+00
         0.18600E+02         0.14026E+02         0.14026E+02         0.14026E+02         0.00000E+00
         0.18650E+02         0.13988E+02         0.13988E+02         0.13988E+02         0.00000E+00
         0.18700E+02         0.13950E+02         0.13950E+02         0.13950E+02         0.00000E+00
         0.18750E+02         0.13912E+02         0.13912E+02         0.13912E+02         0.00000E+00
         0.18800E+02         0.13873E+02         0.13873E+02         0.13873E+02         0.00000E+00
         0.18850E+02         0.13835E+02         0.13835E+02         0.13835E+02         0.00000E+00
         0.18900E+02         0.13797E+02         0.13797E+02         0.13797E+02         0.00000E+00
         0.18950E+02         0.13758E+02         0.13758E+02         0.13758E+02         0.00000E+00
         0.19000E+02         0.13720E+02         0.13720E+02         0.13720E+02         0.00000E+00
         0.19050E+02         0.13681E+02         0.13681E+02         0.13681E+02         0.00000E+00
         0.19100E+02         0.13643E+02         0.13643E+02         0.13643E+02         0.00000E+00
         0.19150E+02         0.13604E+02         0.13604E+02         0.13604E+02         0.00000E+00
         0.19200E+02         0.13566E+02         0.13566E+02         0.13566E+02         0.00000E+00
         0.19250E+02         0.13527E+02         0.13527E+02         0.13527E+02         0.00000E+00
         0.19300E+02         0.13488E+02         0.13488E+02         0.13488E+02         0.00000E+00
         0.19350E+02         0.13450E+02         0.13450E+02         0.13450E+02         0.00000E+00
         0.19400E+02         0.13411E+02         0.13411E+02         0.13411E+02         0.00000E+00
         0.19450E+02         0.13373E+02         0.13373E+02         0.13373E+02         0.00000E+00
         0.19500E+02         0.13334E+02         0.13334E+02         0.13334E+02         0.00000E+00
         0.19550E+02         0.13296E+02         0.13296E+02         0.13296E+02         0.00000E+00
         0.19600E+02         0.13257E+02         0.13257E+02         0.13257E+02         0.00000E+00
         0.19650E+02         0.13219E+02         0.13219E+02         0.13219E+02         0.00000E+00
         0.19700E+02         0.13180E+02         0.13180E+02         0.13180E+02         0.00000E+00
         0.19750E+02         0.13142E+02         0.13142E+02         0.13142E+02         0.00000E+00
         0.19800E+02         0.13103E+02         0.13103E+02         0.13103E+02         0.00000E+00
         0.19850E+02         0.13065E+02         0.13065E+02         0.13065E+02         0.00000E+00
         0.19900E+02         0.13027E+02         0.13027E+02         0.13027E+02         0.00000E+00
         0.19950E+02         0.12989E+02         0.12989E+02         0.12989E+02         0.00000E+00
         0.20000E+02         0.12951E+02         0.12951E+02         0.12951E+02         0.00000E+00
         0.20050E+02         0.12913E+02         0.12913E+02         0.12913E+02         0.00000E+00
         0.20100E+02         0.12875E+02         0.12875E+02         0.12875E+02         0.00000E+00
         0.20150E+02         0.12837E+02         0.12837E+02         0.12837E+02         0.00000E+00
         0.20200E+02         0.12800E+02         0.12800E+02         0.12800E+02         0.00000E+00
         0.20250E+02         0.12762E+02         0.12762E+02         0.12762E+02         0.00000E+00
         0.20300E+02         0.12725E+02         0.12725E+02         0.12725E+02         0.00000E+00
         0.20350E+02         0.12689E+02         0.12689E+02         0.12689E+02         0.00000E+00
         0.20400E+02         0.12652E+02         0.12652E+02         0.12652E+02         0.00000E+00
         0.20450E+02         0.12616E+02         0.12616E+02         0.12616E+02         0.00000E+00
         0.20500E+02         0.12581E+02         0.12581E+02         0.12581E+02         0.00000E+00
         0.20550E+02         0.12546E+02         0.12546E+02         0.12546E+02         0.00000E+00
         0.20600E+02         0.12512E+02         0.12512E+02         0.12512E+02         0.00000E+00
         0.20650E+02         0.12480E+02         0.12480E+02         0.12480E+02         0.00000E+00
         0.20700E+02         0.12449E+02         0.12449E+02         0.12449E+02         0.00000E+00
         0.20750E+02         0.12420E+02         0.12420E+02         0.12420E+02         0.00000E+00
         0.20800E+02         0.12395E+02         0.12395E+02         0.12395E+02         0.00000E+00
         0.20850E+02         0.12374E+02         0.12374E+02         0.12374E+02         0.00000E+00
         0.20900E+02         0.12363E+02         0.12363E+02         0.12363E+02         0.00000E+00
         0.20950E+02         0.12368E+02         0.12368E+02         0.12368E+02         0.00000E+00
         0.21000E+02         0.12408E+02         0.12408E+02         0.12408E+02         0.00000E+00
         0.21050E+02         0.12543E+02         0.12543E+02         0.12542E+02         0.00000E+00
         0.21100E+02         0.98107E+01         0.98107E+01         0.98188E+01         0.00000E+00
         0.21150E+02         0.10959E+02         0.10959E+02         0.10958E+02         0.00000E+00
         0.21200E+02         0.11532E+02         0.11532E+02         0.11532E+02         0.00000E+00
         0.21250E+02         0.11652E+02         0.11652E+02         0.11652E+02         0.00000E+00
         0.21300E+02         0.11683E+02         0.11683E+02         0.11683E+02         0.00000E+00
         0.21350E+02         0.11682E+02         0.11682E+02         0.11682E+02         0.00000E+00
         0.21400E+02         0.11666E+02         0.11666E+02         0.11666E+02         0.00000E+00
         0.21450E+02         0.11640E+02         0.11640E+02         0.11640E+02         0.00000E+00
         0.21500E+02         0.11608E+02         0.11608E+02         0.11608E+02         0.00000E+00
         0.21550E+02         0.11570E+02         0.11570E+02         0.11570E+02         0.00000E+00
         0.21600E+02         0.11527E+02         0.11527E+02         0.11527E+02         0.00000E+00
         0.21650E+02         0.11477E+02         0.11477E+02         0.11477E+02         0.00000E+00
         0.21700E+02         0.11419E+02         0.11419E+02         0.11419E+02         0.00000E+00
         0.21750E+02         0.11379E+02         0.11379E+02         0.11379E+02         0.00000E+00
         0.21800E+02         0.15927E+02         0.15927E+02         0.15922E+02         0.00000E+00
         0.21850E+02         0.12127E+02         0.12127E+02         0.12127E+02         0.00000E+00
         0.21900E+02         0.11649E+02         0.11649E+02         0.11649E+02         0.00000E+00
         0.21950E+02         0.11506E+02         0.11506E+02         0.11506E+02         0.00000E+00
         0.22000E+02         0.11423E+02         0.11423E+02         0.11423E+02         0.00000E+00
         0.22050E+02         0.11361E+02         0.11361E+02         0.11360E+02         0.00000E+00
         0.22100E+02         0.11307E+02         0.11307E+02         0.11307E+02         0.00000E+00
         0.22150E+02         0.11261E+02         0.11261E+02         0.11261E+02         0.00000E+00
         0.22200E+02         0.11221E+02         0.11221E+02         0.11221E+02         0.00000E+00
         0.22250E+02         0.11187E+02         0.11187E+02         0.11187E+02         0.00000E+00
         0.22300E+02         0.10701E+02         0.10701E+02         0.10701E+02         0.00000E+00
         0.22350E+02         0.10956E+02         0.10956E+02         0.10956E+02         0.00000E+00
         0.22400E+02         0.10925E+02         0.10925E+02         0.10925E+02         0.00000E+00
         0.22450E+02         0.10857E+02         0.10857E+02         0.10857E+02         0.00000E+00
         0.22500E+02         0.11758E+02         0.11758E+02         0.11758E+02         0.00000E+00
         0.22550E+02         0.11300E+02         0.11300E+02         0.11300E+02         0.00000E+00
         0.22600E+02         0.10995E+02         0.10995E+02         0.10995E+02         0.00000E+00
         0.22650E+02         0.10894E+02         0.10894E+02         0.10894E+02         0.00000E+00
         0.22700E+02         0.10826E+02         0.10826E+02         0.10826E+02         0.00000E+00
         0.22750E+02         0.10342E+02         0.10342E+02         0.10341E+02         0.00000E+00
         0.22800E+02         0.10615E+02         0.10615E+02         0.10615E+02         0.00000E+00
         0.22850E+02         0.13870E+02         0.13870E+02         0.13871E+02         0.00000E+00
         0.22900E+02         0.10753E+02         0.10753E+02         0.10753E+02         0.00000E+00
         0.22950E+02         0.10633E+02         0.10633E+02         0.10633E+02         0.00000E+00
         0.23000E+02         0.10468E+02         0.10468E+02         0.10468E+02         0.00000E+00
         0.23050E+02         0.10721E+02         0.10721E+02         0.10721E+02         0.00000E+00
         0.23100E+02         0.10465E+02         0.10465E+02         0.10465E+02         0.00000E+00
         0.23150E+02         0.10657E+02         0.10657E+02         0.10657E+02         0.00000E+00
         0.23200E+02         0.10286E+02         0.10286E+02         0.10286E+02         0.00000E+00
         0.23250E+02         0.10246E+02         0.10246E+02         0.10246E+02         0.00000E+00
         0.23300E+02         0.10385E+02         0.10385E+02         0.10385E+02         0.00000E+00
         0.23350E+02         0.10418E+02         0.10418E+02         0.10418E+02         0.00000E+00
         0.23400E+02         0.10295E+02         0.10295E+02         0.10295E+02         0.00000E+00
         0.23450E+02         0.10074E+02         0.10074E+02         0.10074E+02         0.10862E+01
         0.23500E+02         0.10038E+02         0.10038E+02         0.10038E+02         0.10824E+01
         0.23550E+02         0.10002E+02         0.10002E+02         0.10002E+02         0.10782E+01
         0.23600E+02         0.99664E+01         0.99664E+01         0.99663E+01         0.10737E+01
         0.23650E+02         0.99304E+01         0.99304E+01         0.99303E+01         0.10689E+01
         0.23700E+02         0.98944E+01         0.98944E+01         0.98943E+01         0.10639E+01
         0.23750E+02         0.98582E+01         0.98582E+01         0.98581E+01         0.10585E+01
         0.23800E+02         0.98219E+01         0.98219E+01         0.98218E+01         0.10530E+01
         0.23850E+02         0.97856E+01         0.97856E+01         0.97855E+01         0.10472E+01
         0.23900E+02         0.97492E+01         0.97492E+01         0.97491E+01         0.10411E+01
         0.23950E+02         0.97127E+01         0.97127E+01         0.97126E+01         0.10349E+01
         0.24000E+02         0.96761E+01         0.96761E+01         0.96760E+01         0.10285E+01
         0.24050E+02         0.96395E+01         0.96395E+01         0.96394E+01         0.10219E+01
         0.24100E+02         0.96028E+01         0.96028E+01         0.96027E+01         0.10151E+01
         0.24150E+02         0.95660E+01         0.95660E+01         0.95659E+01         0.10082E+01
         0.24200E+02         0.95292E+01         0.95292E+01         0.95290E+01         0.10011E+01
         0.24250E+02         0.94923E+01         0.94923E+01         0.94922E+01         0.99395E+00
         0.24300E+02         0.94553E+01         0.94553E+01         0.94552E+01         0.98665E+00
         0.24350E+02         0.94183E+01         0.94183E+01         0.94182E+01         0.97924E+00
         0.24400E+02         0.93813E+01         0.93813E+01         0.93812E+01         0.97175E+00
         0.24450E+02         0.93442E+01         0.93442E+01         0.93441E+01         0.96417E+00
         0.24500E+02         0.93071E+01         0.93071E+01         0.93070E+01         0.95652E+00
         0.24550E+02         0.92700E+01         0.92700E+01         0.92699E+01         0.94881E+00
         0.24600E+02         0.92328E+01         0.92328E+01         0.92327E+01         0.94105E+00
         0.24650E+02         0.91956E+01         0.91956E+01         0.91955E+01         0.93325E+00
         0.24700E+02         0.91584E+01         0.91584E+01         0.91583E+01         0.92541E+00
         0.24750E+02         0.91212E+01         0.91212E+01         0.91211E+01         0.91755E+00
         0.24800E+02         0.90840E+01         0.90840E+01         0.90839E+01         0.90968E+00
         0.24850E+02         0.90468E+01         0.90468E+01         0.90466E+01         0.90179E+00
         0.24900E+02         0.90095E+01         0.90095E+01         0.90094E+01         0.89391E+00
         0.24950E+02         0.89723E+01         0.89723E+01         0.89722E+01         0.88603E+00
         0.25000E+02         0.89351E+01         0.89351E+01         0.89350E+01         0.87817E+00
         0.25050E+02         0.88979E+01         0.88979E+01         0.88978E+01         0.87032E+00
         0.25100E+02         0.88608E+01         0.88608E+01         0.88607E+01         0.86249E+00
         0.25150E+02         0.88237E+01         0.88237E+01         0.88235E+01         0.85470E+00
         0.25200E+02         0.87866E+01         0.87866E+01         0.87864E+01         0.84694E+00
         0.25250E+02         0.87495E+01         0.87495E+01         0.87494E+01         0.83923E+00
         0.25300E+02         0.87125E+01         0.87125E+01         0.87124E+01         0.83155E+00
         0.25350E+02         0.86755E+01         0.86755E+01         0.86754E+01         0.82393E+00
         0.25400E+02         0.86386E+01         0.86386E+01         0.86385E+01         0.81635E+00
         0.25450E+02         0.86017E+01         0.86017E+01         0.86016E+01         0.80884E+00
         0.25500E+02         0.85649E+01         0.85649E+01         0.85648E+01         0.80138E+00
         0.25550E+02         0.85282E+01         0.85282E+01         0.85281E+01         0.79398E+00
         0.25600E+02         0.84915E+01         0.84915E+01         0.84914E+01         0.78665E+00
         0.25650E+02         0.84549E+01         0.84549E+01         0.84548E+01         0.77938E+00
         0.25700E+02         0.84184E+01         0.84184E+01         0.84183E+01         0.77218E+00
         0.25750E+02         0.83820E+01         0.83820E+01         0.83819E+01         0.76505E+00
         0.25800E+02         0.83456E+01         0.83456E+01         0.83455E+01         0.75799E+00
         0.25850E+02         0.83094E+01         0.83094E+01         0.83093E+01         0.75101E+00
         0.25900E+02         0.82732E+01         0.82732E+01         0.82731E+01         0.74410E+00
         0.25950E+02         0.82372E+01         0.82372E+01         0.82370E+01         0.73726E+00
         0.26000E+02         0.82012E+01         0.82012E+01         0.82011E+01         0.73050E+00
         0.26050E+02         0.81653E+01         0.81653E+01         0.81652E+01         0.72382E+00
         0.26100E+02         0.81296E+01         0.81296E+01         0.81294E+01         0.71721E+00
         0.26150E+02         0.80939E+01         0.80939E+01         0.80938E+01         0.71068E+00
         0.26200E+02         0.80584E+01         0.80584E+01         0.80583E+01         0.70422E+00
         0.26250E+02         0.80230E+01         0.80230E+01         0.80229E+01         0.69784E+00
         0.26300E+02         0.79877E+01         0.79877E+01         0.79876E+01         0.69154E+00
         0.26350E+02         0.79525E+01         0.79525E+01         0.79524E+01         0.68532E+00
         0.26400E+02         0.79175E+01         0.79175E+01         0.79173E+01         0.67917E+00
         0.26450E+02         0.78825E+01         0.78825E+01         0.78824E+01         0.67310E+00
         0.26500E+02         0.78477E+01         0.78478E+01         0.78476E+01         0.66710E+00
         0.26550E+02         0.78131E+01         0.78131E+01         0.78130E+01         0.66117E+00
         0.26600E+02         0.77786E+01         0.77786E+01         0.77785E+01         0.65532E+00
         0.26650E+02         0.77442E+01         0.77442E+01         0.77441E+01         0.64954E+00
         0.26700E+02         0.77100E+01         0.77100E+01         0.77098E+01         0.64384E+00
         0.26750E+02         0.76759E+01         0.76759E+01         0.76757E+01         0.63820E+00
         0.26800E+02         0.76419E+01         0.76419E+01         0.76418E+01         0.63263E+00
         0.26850E+02         0.76081E+01         0.76081E+01         0.76080E+01         0.62713E+00
         0.26900E+02         0.75744E+01         0.75744E+01         0.75743E+01         0.62170E+00
         0.26950E+02         0.75409E+01         0.75409E+01         0.75408E+01         0.61634E+00
         0.27000E+02         0.75076E+01         0.75076E+01         0.75074E+01         0.61104E+00
         0.27050E+02         0.74743E+01         0.74743E+01         0.74742E+01         0.60581E+00
         0.27100E+02         0.74413E+01         0.74413E+01         0.74412E+01         0.60064E+00
         0.27150E+02         0.74084E+01         0.74084E+01         0.74083E+01         0.59553E+00
         0.27200E+02         0.73757E+01         0.73757E+01         0.73756E+01         0.59048E+00
         0.27250E+02         0.73431E+01         0.73431E+01         0.73430E+01         0.58550E+00
         0.27300E+02         0.73107E+01         0.73107E+01         0.73106E+01         0.58057E+00
         0.27350E+02         0.72784E+01         0.72784E+01         0.72783E+01         0.57570E+00
         0.27400E+02         0.72463E+01         0.72463E+01         0.72462E+01         0.57089E+00
         0.27450E+02         0.72143E+01         0.72143E+01         0.72143E+01         0.56613E+00
         0.27500E+02         0.71826E+01         0.71826E+01         0.71825E+01         0.56143E+00
         0.27550E+02         0.71510E+01         0.71510E+01         0.71509E+01         0.55678E+00
         0.27600E+02         0.71195E+01         0.71195E+01         0.71194E+01         0.55219E+00
         0.27650E+02         0.70882E+01         0.70882E+01         0.70881E+01         0.54765E+00
         0.27700E+02         0.70571E+01         0.70571E+01         0.70570E+01         0.54316E+00
         0.27750E+02         0.70261E+01         0.70261E+01         0.70261E+01         0.53872E+00
         0.27800E+02         0.69954E+01         0.69954E+01         0.69953E+01         0.53433E+00
         0.27850E+02         0.69647E+01         0.69647E+01         0.69646E+01         0.52998E+00
         0.27900E+02         0.69343E+01         0.69343E+01         0.69342E+01         0.52569E+00
         0.27950E+02         0.69040E+01         0.69040E+01         0.69039E+01         0.52144E+00
         0.28000E+02         0.68738E+01         0.68738E+01         0.68738E+01         0.51724E+00
         0.28050E+02         0.68439E+01         0.68439E+01         0.68438E+01         0.51309E+00
         0.28100E+02         0.68141E+01         0.68141E+01         0.68140E+01         0.50898E+00
         0.28150E+02         0.67845E+01         0.67845E+01         0.67844E+01         0.50492E+00
         0.28200E+02         0.67550E+01         0.67550E+01         0.67549E+01         0.50090E+00
         0.28250E+02         0.67257E+01         0.67257E+01         0.67256E+01         0.49692E+00
         0.28300E+02         0.66966E+01         0.66966E+01         0.66965E+01         0.49299E+00
         0.28350E+02         0.66676E+01         0.66676E+01         0.66675E+01         0.48910E+00
         0.28400E+02         0.66388E+01         0.66388E+01         0.66387E+01         0.48525E+00
         0.28450E+02         0.66101E+01         0.66101E+01         0.66101E+01         0.48144E+00
         0.28500E+02         0.65816E+01         0.65816E+01         0.65816E+01         0.47768E+00
         0.28550E+02         0.65533E+01         0.65533E+01         0.65533E+01         0.47395E+00
         0.28600E+02         0.65251E+01         0.65251E+01         0.65251E+01         0.47027E+00
         0.28650E+02         0.64971E+01         0.64971E+01         0.64971E+01         0.46663E+00
         0.28700E+02         0.64693E+01         0.64693E+01         0.64693E+01         0.46303E+00
         0.28750E+02         0.64416E+01         0.64416E+01         0.64416E+01         0.45947E+00
         0.28800E+02         0.64141E+01         0.64141E+01         0.64140E+01         0.45594E+00
         0.28850E+02         0.63867E+01         0.63867E+01         0.63867E+01         0.45246E+00
         0.28900E+02         0.63595E+01         0.63595E+01         0.63595E+01         0.44902E+00
         0.28950E+02         0.63324E+01         0.63324E+01         0.63324E+01         0.44562E+00
         0.29000E+02         0.63055E+01         0.63055E+01         0.63055E+01         0.44226E+00
         0.29050E+02         0.62787E+01         0.62787E+01         0.62787E+01         0.43894E+00
         0.29100E+02         0.62521E+01         0.62521E+01         0.62521E+01         0.43565E+00
         0.29150E+02         0.62257E+01         0.62257E+01         0.62256E+01         0.43241E+00
         0.29200E+02         0.61994E+01         0.61993E+01         0.61993E+01         0.42921E+00
         0.29250E+02         0.61732E+01         0.61732E+01         0.61732E+01         0.42604E+00
         0.29300E+02         0.61472E+01         0.61472E+01         0.61472E+01         0.42292E+00
         0.29350E+02         0.61213E+01         0.61213E+01         0.61213E+01         0.41984E+00
         0.29400E+02         0.60955E+01         0.60955E+01         0.60955E+01         0.41680E+00
         0.29450E+02         0.60700E+01         0.60700E+01         0.60700E+01         0.41379E+00
         0.29500E+02         0.60445E+01         0.60445E+01         0.60445E+01         0.41083E+00
         0.29550E+02         0.60192E+01         0.60192E+01         0.60192E+01         0.40791E+00
         0.29600E+02         0.59940E+01         0.59940E+01         0.59940E+01         0.40503E+00
         0.29650E+02         0.59690E+01         0.59690E+01         0.59690E+01         0.40219E+00
         0.29700E+02         0.59440E+01         0.59440E+01         0.59441E+01         0.39939E+00
         0.29750E+02         0.59193E+01         0.59193E+01         0.59193E+01         0.39663E+00
         0.29800E+02         0.58946E+01         0.58946E+01         0.58946E+01         0.39391E+00
         0.29850E+02         0.58701E+01         0.58701E+01         0.58701E+01         0.39124E+00
         0.29900E+02         0.58457E+01         0.58457E+01         0.58457E+01         0.38860E+00
         0.29950E+02         0.58215E+01         0.58215E+01         0.58215E+01         0.38601E+00
         0.30000E+02         0.57973E+01         0.57973E+01         0.57974E+01         0.38346E+00
         0.30050E+02         0.57733E+01         0.57733E+01         0.57733E+01         0.38096E+00
         0.30100E+02         0.57494E+01         0.57494E+01         0.57495E+01         0.37849E+00
         0.30150E+02         0.57256E+01         0.57256E+01         0.57257E+01         0.37607E+00
         0.30200E+02         0.57020E+01         0.57020E+01         0.57020E+01         0.37369E+00
         0.30250E+02         0.56785E+01         0.56785E+01         0.56785E+01         0.37136E+00
         0.30300E+02         0.56550E+01         0.56550E+01         0.56551E+01         0.36907E+00
         0.30350E+02         0.56317E+01         0.56317E+01         0.56318E+01         0.36682E+00
         0.30400E+02         0.56085E+01         0.56085E+01         0.56086E+01         0.36462E+00
         0.30450E+02         0.55854E+01         0.55854E+01         0.55855E+01         0.36246E+00
         0.30500E+02         0.55625E+01         0.55625E+01         0.55625E+01         0.36035E+00
         0.30550E+02         0.55396E+01         0.55396E+01         0.55397E+01         0.35828E+00
         0.30600E+02         0.55168E+01         0.55168E+01         0.55169E+01         0.35626E+00
         0.30650E+02         0.54942E+01         0.54942E+01         0.54943E+01         0.35428E+00
         0.30700E+02         0.54716E+01         0.54716E+01         0.54717E+01         0.35235E+00
         0.30750E+02         0.54492E+01         0.54492E+01         0.54493E+01         0.35046E+00
         0.30800E+02         0.54268E+01         0.54268E+01         0.54269E+01         0.34862E+00
         0.30850E+02         0.54046E+01         0.54046E+01         0.54047E+01         0.34682E+00
         0.30900E+02         0.53824E+01         0.53824E+01         0.53825E+01         0.34507E+00
         0.30950E+02         0.53604E+01         0.53604E+01         0.53605E+01         0.34337E+00
         0.31000E+02         0.53384E+01         0.53384E+01         0.53385E+01         0.34171E+00
         0.31050E+02         0.53165E+01         0.53165E+01         0.53166E+01         0.34010E+00
         0.31100E+02         0.52947E+01         0.52947E+01         0.52948E+01         0.33854E+00
         0.31150E+02         0.52731E+01         0.52730E+01         0.52732E+01         0.33702E+00
         0.31200E+02         0.52514E+01         0.52514E+01         0.52516E+01         0.33555E+00
         0.31250E+02         0.52299E+01         0.52299E+01         0.52300E+01         0.33413E+00
         0.31300E+02         0.52085E+01         0.52085E+01         0.52086E+01         0.33275E+00
         0.31350E+02         0.51872E+01         0.51872E+01         0.51873E+01         0.33142E+00
         0.31400E+02         0.51659E+01         0.51659E+01         0.51660E+01         0.33014E+00
         0.31450E+02         0.51447E+01         0.51447E+01         0.51448E+01         0.32890E+00
         0.31500E+02         0.51236E+01         0.51236E+01         0.51237E+01         0.32771E+00
         0.31550E+02         0.51026E+01         0.51026E+01         0.51027E+01         0.32657E+00
         0.31600E+02         0.50817E+01         0.50817E+01         0.50818E+01         0.32548E+00
         0.31650E+02         0.50608E+01         0.50608E+01         0.50609E+01         0.32443E+00
         0.31700E+02         0.50400E+01         0.50400E+01         0.50402E+01         0.32343E+00
         0.31750E+02         0.50193E+01         0.50193E+01         0.50194E+01         0.32247E+00
         0.31800E+02         0.49987E+01         0.49987E+01         0.49988E+01         0.32157E+00
         0.31850E+02         0.49781E+01         0.49781E+01         0.49782E+01         0.32071E+00
         0.31900E+02         0.49576E+01         0.49576E+01         0.49578E+01         0.31989E+00
         0.31950E+02         0.49372E+01         0.49372E+01         0.49373E+01         0.31913E+00
         0.32000E+02         0.49168E+01         0.49168E+01         0.49170E+01         0.31840E+00
         0.32050E+02         0.48965E+01         0.48965E+01         0.48967E+01         0.31773E+00
         0.32100E+02         0.48763E+01         0.48763E+01         0.48765E+01         0.31710E+00
         0.32150E+02         0.48562E+01         0.48562E+01         0.48564E+01         0.31652E+00
         0.32200E+02         0.48361E+01         0.48361E+01         0.48363E+01         0.31598E+00
         0.32250E+02         0.48161E+01         0.48161E+01         0.48163E+01         0.31549E+00
         0.32300E+02         0.47961E+01         0.47961E+01         0.47963E+01         0.31504E+00
         0.32350E+02         0.47763E+01         0.47763E+01         0.47764E+01         0.31464E+00
         0.32400E+02         0.47564E+01         0.47564E+01         0.47566E+01         0.31428E+00
         0.32450E+02         0.47367E+01         0.47367E+01         0.47369E+01         0.31397E+00
         0.32500E+02         0.47170E+01         0.47170E+01         0.47172E+01         0.31370E+00
         0.32550E+02         0.46973E+01         0.46973E+01         0.46975E+01         0.31348E+00
         0.32600E+02         0.46778E+01         0.46778E+01         0.46780E+01         0.31329E+00
         0.32650E+02         0.46583E+01         0.46583E+01         0.46585E+01         0.31316E+00
         0.32700E+02         0.46388E+01         0.46388E+01         0.46390E+01         0.31306E+00
         0.32750E+02         0.46194E+01         0.46194E+01         0.46196E+01         0.31300E+00
         0.32800E+02         0.46001E+01         0.46001E+01         0.46003E+01         0.31299E+00
         0.32850E+02         0.45808E+01         0.45808E+01         0.45810E+01         0.31302E+00
         0.32900E+02         0.45616E+01         0.45616E+01         0.45618E+01         0.31309E+00
         0.32950E+02         0.45424E+01         0.45424E+01         0.45426E+01         0.31320E+00
         0.33000E+02         0.45233E+01         0.45233E+01         0.45236E+01         0.31335E+00
         0.33050E+02         0.45043E+01         0.45043E+01         0.45045E+01         0.31354E+00
         0.33100E+02         0.44853E+01         0.44853E+01         0.44855E+01         0.31377E+00
         0.33150E+02         0.44664E+01         0.44664E+01         0.44666E+01         0.31403E+00
         0.33200E+02         0.44475E+01         0.44475E+01         0.44477E+01         0.31434E+00
         0.33250E+02         0.44287E+01         0.44287E+01         0.44289E+01         0.31468E+00
         0.33300E+02         0.44099E+01         0.44099E+01         0.44102E+01         0.31506E+00
         0.33350E+02         0.43912E+01         0.43912E+01         0.43915E+01         0.31547E+00
         0.33400E+02         0.43726E+01         0.43726E+01         0.43728E+01         0.31592E+00
         0.33450E+02         0.43540E+01         0.43540E+01         0.43542E+01         0.31641E+00
         0.33500E+02         0.43355E+01         0.43355E+01         0.43357E+01         0.31693E+00
         0.33550E+02         0.43170E+01         0.43170E+01         0.43172E+01         0.31748E+00
         0.33600E+02         0.42986E+01         0.42986E+01         0.42988E+01         0.31807E+00
         0.33650E+02         0.42802E+01         0.42802E+01         0.42805E+01         0.31869E+00
         0.33700E+02         0.42619E+01         0.42619E+01         0.42622E+01         0.31934E+00
         0.33750E+02         0.42437E+01         0.42437E+01         0.42439E+01         0.32002E+00
         0.33800E+02         0.42255E+01         0.42255E+01         0.42257E+01         0.32073E+00
         0.33850E+02         0.42074E+01         0.42074E+01         0.42076E+01         0.32147E+00
         0.33900E+02         0.41893E+01         0.41893E+01         0.41895E+01         0.32224E+00
         0.33950E+02         0.41713E+01         0.41713E+01         0.41715E+01         0.32304E+00
         0.34000E+02         0.41533E+01         0.41533E+01         0.41536E+01         0.32386E+00
         0.34050E+02         0.41354E+01         0.41354E+01         0.41357E+01         0.32471E+00
         0.34100E+02         0.41176E+01         0.41176E+01         0.41178E+01         0.32559E+00
         0.34150E+02         0.40998E+01         0.40998E+01         0.41001E+01         0.32650E+00
         0.34200E+02         0.40821E+01         0.40821E+01         0.40823E+01         0.32742E+00
         0.34250E+02         0.40644E+01         0.40644E+01         0.40647E+01         0.32838E+00
         0.34300E+02         0.40468E+01         0.40468E+01         0.40471E+01         0.32935E+00
         0.34350E+02         0.40293E+01         0.40293E+01         0.40296E+01         0.33035E+00
         0.34400E+02         0.40118E+01         0.40118E+01         0.40121E+01         0.33137E+00
         0.34450E+02         0.39944E+01         0.39944E+01         0.39947E+01         0.33241E+00
         0.34500E+02         0.39771E+01         0.39771E+01         0.39773E+01         0.33346E+00
         0.34550E+02         0.39598E+01         0.39598E+01         0.39601E+01         0.33454E+00
         0.34600E+02         0.39426E+01         0.39426E+01         0.39428E+01         0.33564E+00
         0.34650E+02         0.39254E+01         0.39254E+01         0.39257E+01         0.33675E+00
         0.34700E+02         0.39083E+01         0.39083E+01         0.39086E+01         0.33788E+00
         0.34750E+02         0.38913E+01         0.38913E+01         0.38916E+01         0.33903E+00
         0.34800E+02         0.38743E+01         0.38743E+01         0.38746E+01         0.34019E+00
         0.34850E+02         0.38574E+01         0.38574E+01         0.38577E+01         0.34137E+00
         0.34900E+02         0.38406E+01         0.38406E+01         0.38409E+01         0.34256E+00
         0.34950E+02         0.38238E+01         0.38238E+01         0.38241E+01         0.34377E+00
         0.35000E+02         0.38072E+01         0.38072E+01         0.38074E+01         0.34498E+00
         0.35050E+02         0.37905E+01         0.37905E+01         0.37908E+01         0.34621E+00
         0.35100E+02         0.37740E+01         0.37740E+01         0.37743E+01         0.34745E+00
         0.35150E+02         0.37575E+01         0.37575E+01         0.37578E+01         0.34870E+00
         0.35200E+02         0.37411E+01         0.37411E+01         0.37414E+01         0.34996E+00
         0.35250E+02         0.37248E+01         0.37248E+01         0.37250E+01         0.35122E+00
         0.35300E+02         0.37085E+01         0.37085E+01         0.37088E+01         0.35250E+00
         0.35350E+02         0.36923E+01         0.36923E+01         0.36926E+01         0.35378E+00
         0.35400E+02         0.36762E+01         0.36762E+01         0.36765E+01         0.35507E+00
         0.35450E+02         0.36601E+01         0.36601E+01         0.36604E+01         0.35637E+00
         0.35500E+02         0.36442E+01         0.36442E+01         0.36445E+01         0.35767E+00
         0.35550E+02         0.36283E+01         0.36283E+01         0.36286E+01         0.35898E+00
         0.35600E+02         0.36125E+01         0.36125E+01         0.36127E+01         0.36029E+00
         0.35650E+02         0.35967E+01         0.35967E+01         0.35970E+01         0.36160E+00
         0.35700E+02         0.35810E+01         0.35810E+01         0.35813E+01         0.36292E+00
         0.35750E+02         0.35655E+01         0.35655E+01         0.35658E+01         0.36424E+00
         0.35800E+02         0.35500E+01         0.35500E+01         0.35502E+01         0.36556E+00
         0.35850E+02         0.35345E+01         0.35345E+01         0.35348E+01         0.36689E+00
         0.35900E+02         0.35192E+01         0.35192E+01         0.35195E+01         0.36821E+00
         0.35950E+02         0.35039E+01         0.35039E+01         0.35042E+01         0.36954E+00
         0.36000E+02         0.34887E+01         0.34887E+01         0.34890E+01         0.37086E+00
         0.36050E+02         0.34736E+01         0.34736E+01         0.34739E+01         0.37219E+00
         0.36100E+02         0.34586E+01         0.34586E+01         0.34589E+01         0.37351E+00
         0.36150E+02         0.34436E+01         0.34436E+01         0.34439E+01         0.37483E+00
         0.36200E+02         0.34288E+01         0.34288E+01         0.34291E+01         0.37616E+00
         0.36250E+02         0.34140E+01         0.34140E+01         0.34143E+01         0.37748E+00
         0.36300E+02         0.33993E+01         0.33993E+01         0.33996E+01         0.37879E+00
         0.36350E+02         0.33847E+01         0.33847E+01         0.33850E+01         0.38011E+00
         0.36400E+02         0.33702E+01         0.33702E+01         0.33705E+01         0.38142E+00
         0.36450E+02         0.33558E+01         0.33558E+01         0.33560E+01         0.38273E+00
         0.36500E+02         0.33414E+01         0.33414E+01         0.33417E+01         0.38404E+00
         0.36550E+02         0.33271E+01         0.33271E+01         0.33274E+01         0.38534E+00
         0.36600E+02         0.33130E+01         0.33130E+01         0.33132E+01         0.38664E+00
         0.36650E+02         0.32989E+01         0.32989E+01         0.32992E+01         0.38793E+00
         0.36700E+02         0.32849E+01         0.32849E+01         0.32851E+01         0.38922E+00
         0.36750E+02         0.32709E+01         0.32709E+01         0.32712E+01         0.39050E+00
         0.36800E+02         0.32571E+01         0.32571E+01         0.32574E+01         0.39178E+00
         0.36850E+02         0.32434E+01         0.32434E+01         0.32437E+01         0.39306E+00
         0.36900E+02         0.32297E+01         0.32297E+01         0.32300E+01         0.39433E+00
         0.36950E+02         0.32162E+01         0.32162E+01         0.32164E+01         0.39559E+00
         0.37000E+02         0.32027E+01         0.32027E+01         0.32030E+01         0.39685E+00
         0.37050E+02         0.31893E+01         0.31893E+01         0.31896E+01         0.39811E+00
         0.37100E+02         0.31760E+01         0.31760E+01         0.31763E+01         0.39936E+00
         0.37150E+02         0.31628E+01         0.31628E+01         0.31631E+01         0.40060E+00
         0.37200E+02         0.31497E+01         0.31497E+01         0.31500E+01         0.40184E+00
         0.37250E+02         0.31367E+01         0.31367E+01         0.31370E+01         0.40308E+00
         0.37300E+02         0.31238E+01         0.31238E+01         0.31240E+01         0.40431E+00
         0.37350E+02         0.31109E+01         0.31109E+01         0.31112E+01         0.40553E+00
         0.37400E+02         0.30982E+01         0.30982E+01         0.30984E+01         0.40675E+00
         0.37450E+02         0.30855E+01         0.30855E+01         0.30858E+01         0.40796E+00
         0.37500E+02         0.30730E+01         0.30730E+01         0.30732E+01         0.40917E+00
         0.37550E+02         0.30605E+01         0.30605E+01         0.30608E+01         0.41038E+00
         0.37600E+02         0.30481E+01         0.30481E+01         0.30484E+01         0.41157E+00
         0.37650E+02         0.30358E+01         0.30358E+01         0.30361E+01         0.41277E+00
         0.37700E+02         0.30236E+01         0.30236E+01         0.30239E+01         0.41396E+00
         0.37750E+02         0.30115E+01         0.30115E+01         0.30118E+01         0.41515E+00
         0.37800E+02         0.29995E+01         0.29995E+01         0.29998E+01         0.41633E+00
         0.37850E+02         0.29876E+01         0.29876E+01         0.29878E+01         0.41750E+00
         0.37900E+02         0.29758E+01         0.29758E+01         0.29760E+01         0.41868E+00
         0.37950E+02         0.29640E+01         0.29640E+01         0.29643E+01         0.41985E+00
         0.38000E+02         0.29524E+01         0.29524E+01         0.29526E+01         0.42101E+00
         0.38050E+02         0.29408E+01         0.29408E+01         0.29411E+01         0.42218E+00
         0.38100E+02         0.29294E+01         0.29294E+01         0.29296E+01         0.42334E+00
         0.38150E+02         0.29180E+01         0.29180E+01         0.29183E+01         0.42449E+00
         0.38200E+02         0.29067E+01         0.29067E+01         0.29070E+01         0.42565E+00
         0.38250E+02         0.28956E+01         0.28956E+01         0.28958E+01         0.42680E+00
         0.38300E+02         0.28845E+01         0.28845E+01         0.28847E+01         0.42795E+00
         0.38350E+02         0.28735E+01         0.28735E+01         0.28737E+01         0.42910E+00
         0.38400E+02         0.28626E+01         0.28626E+01         0.28628E+01         0.43025E+00
         0.38450E+02         0.28517E+01         0.28517E+01         0.28520E+01         0.43139E+00
         0.38500E+02         0.28410E+01         0.28410E+01         0.28412E+01         0.43254E+00
         0.38550E+02         0.28304E+01         0.28304E+01         0.28306E+01         0.43368E+00
         0.38600E+02         0.28199E+01         0.28199E+01         0.28201E+01         0.43482E+00
         0.38650E+02         0.28094E+01         0.28094E+01         0.28096E+01         0.43596E+00
         0.38700E+02         0.27990E+01         0.27990E+01         0.27993E+01         0.43710E+00
         0.38750E+02         0.27888E+01         0.27888E+01         0.27890E+01         0.43824E+00
         0.38800E+02         0.27786E+01         0.27786E+01         0.27788E+01         0.43939E+00
         0.38850E+02         0.27685E+01         0.27685E+01         0.27687E+01         0.44053E+00
         0.38900E+02         0.27585E+01         0.27585E+01         0.27587E+01         0.44167E+00
         0.38950E+02         0.27486E+01         0.27486E+01         0.27488E+01         0.44281E+00
         0.39000E+02         0.27388E+01         0.27388E+01         0.27390E+01         0.44396E+00
         0.39050E+02         0.27291E+01         0.27291E+01         0.27292E+01         0.44510E+00
         0.39100E+02         0.27194E+01         0.27194E+01         0.27196E+01         0.44625E+00
         0.39150E+02         0.27099E+01         0.27099E+01         0.27101E+01         0.44740E+00
         0.39200E+02         0.27004E+01         0.27004E+01         0.27006E+01         0.44855E+00
         0.39250E+02         0.26910E+01         0.26910E+01         0.26912E+01         0.44970E+00
         0.39300E+02         0.26817E+01         0.26817E+01         0.26819E+01         0.45086E+00
         0.39350E+02         0.26725E+01         0.26725E+01         0.26727E+01         0.45201E+00
         0.39400E+02         0.26634E+01         0.26634E+01         0.26636E+01         0.45317E+00
         0.39450E+02         0.26544E+01         0.26544E+01         0.26546E+01         0.45433E+00
         0.39500E+02         0.26455E+01         0.26455E+01         0.26457E+01         0.45550E+00
         0.39550E+02         0.26366E+01         0.26366E+01         0.26368E+01         0.45666E+00
         0.39600E+02         0.26279E+01         0.26279E+01         0.26280E+01         0.45783E+00
         0.39650E+02         0.26192E+01         0.26192E+01         0.26194E+01         0.45900E+00
         0.39700E+02         0.26106E+01         0.26106E+01         0.26108E+01         0.46018E+00
         0.39750E+02         0.26021E+01         0.26021E+01         0.26023E+01         0.46136E+00
         0.39800E+02         0.25937E+01         0.25937E+01         0.25939E+01         0.46254E+00
         0.39850E+02         0.25854E+01         0.25854E+01         0.25855E+01         0.46372E+00
         0.39900E+02         0.25771E+01         0.25771E+01         0.25773E+01         0.46490E+00
         0.39950E+02         0.25690E+01         0.25690E+01         0.25691E+01         0.46609E+00
         0.40000E+02         0.25609E+01         0.25609E+01         0.25611E+01         0.46728E+00
         0.40050E+02         0.25529E+01         0.25529E+01         0.25531E+01         0.46846E+00
         0.40100E+02         0.25450E+01         0.25450E+01         0.25452E+01         0.46965E+00
         0.40150E+02         0.25372E+01         0.25372E+01         0.25374E+01         0.47084E+00
         0.40200E+02         0.25295E+01         0.25295E+01         0.25296E+01         0.47204E+00
         0.40250E+02         0.25219E+01         0.25219E+01         0.25220E+01         0.47323E+00
         0.40300E+02         0.25143E+01         0.25143E+01         0.25145E+01         0.47441E+00
         0.40350E+02         0.25069E+01         0.25069E+01         0.25070E+01         0.47560E+00
         0.40400E+02         0.24995E+01         0.24995E+01         0.24996E+01         0.47678E+00
         0.40450E+02         0.24922E+01         0.24922E+01         0.24924E+01         0.47796E+00
         0.40500E+02         0.24851E+01         0.24851E+01         0.24852E+01         0.47914E+00
         0.40550E+02         0.24780E+01         0.24780E+01         0.24781E+01         0.48030E+00
         0.40600E+02         0.24710E+01         0.24710E+01         0.24711E+01         0.48146E+00
         0.40650E+02         0.24641E+01         0.24641E+01         0.24642E+01         0.48261E+00
         0.40700E+02         0.24573E+01         0.24573E+01         0.24574E+01         0.48374E+00
         0.40750E+02         0.24506E+01         0.24506E+01         0.24507E+01         0.48486E+00
         0.40800E+02         0.24440E+01         0.24440E+01         0.24441E+01         0.48596E+00
         0.40850E+02         0.24375E+01         0.24375E+01         0.24376E+01         0.48703E+00
         0.40900E+02         0.24312E+01         0.24312E+01         0.24313E+01         0.48808E+00
         0.40950E+02         0.24249E+01         0.24249E+01         0.24250E+01         0.48910E+00
         0.41000E+02         0.24188E+01         0.24188E+01         0.24189E+01         0.49008E+00
         0.41050E+02         0.24129E+01         0.24129E+01         0.24129E+01         0.49101E+00
         0.41100E+02         0.24071E+01         0.24071E+01         0.24071E+01         0.49189E+00
         0.41150E+02         0.24014E+01         0.24014E+01         0.24015E+01         0.49271E+00
         0.41200E+02         0.23960E+01         0.23960E+01         0.23961E+01         0.49345E+00
         0.41250E+02         0.23908E+01         0.23908E+01         0.23908E+01         0.49410E+00
         0.41300E+02         0.23858E+01         0.23858E+01         0.23858E+01         0.49464E+00
         0.41350E+02         0.23811E+01         0.23811E+01         0.23812E+01         0.49504E+00
         0.41400E+02         0.23768E+01         0.23768E+01         0.23768E+01         0.49529E+00
         0.41450E+02         0.23729E+01         0.23729E+01         0.23729E+01         0.49534E+00
         0.41500E+02         0.23695E+01         0.23695E+01         0.23695E+01         0.49516E+00
         0.41550E+02         0.23668E+01         0.23668E+01         0.23668E+01         0.49470E+00
         0.41600E+02         0.23650E+01         0.23650E+01         0.23650E+01         0.49394E+00
         0.41650E+02         0.23644E+01         0.23644E+01         0.23644E+01         0.49285E+00
         0.41700E+02         0.23653E+01         0.23653E+01         0.23653E+01         0.49158E+00
         0.41750E+02         0.23683E+01         0.23683E+01         0.23683E+01         0.49063E+00
         0.41800E+02         0.23734E+01         0.23734E+01         0.23734E+01         0.49177E+00
         0.41850E+02         0.23784E+01         0.23784E+01         0.23784E+01         0.50058E+00
         0.41900E+02         0.23709E+01         0.23709E+01         0.23709E+01         0.53144E+00
         0.41950E+02         0.23236E+01         0.23236E+01         0.23236E+01         0.59464E+00
         0.42000E+02         0.22559E+01         0.22559E+01         0.22560E+01         0.64072E+00
         0.42050E+02         0.22223E+01         0.22223E+01         0.22223E+01         0.63954E+00
         0.42100E+02         0.22139E+01         0.22139E+01         0.22140E+01         0.62367E+00
         0.42150E+02         0.22130E+01         0.22130E+01         0.22130E+01         0.60959E+00
         0.42200E+02         0.22131E+01         0.22131E+01         0.22131E+01         0.59943E+00
         0.42250E+02         0.22127E+01         0.22127E+01         0.22127E+01         0.59241E+00
         0.42300E+02         0.22115E+01         0.22115E+01         0.22115E+01         0.58759E+00
         0.42350E+02         0.22097E+01         0.22097E+01         0.22097E+01         0.58431E+00
         0.42400E+02         0.22073E+01         0.22073E+01         0.22073E+01         0.58213E+00
         0.42450E+02         0.22044E+01         0.22044E+01         0.22044E+01         0.58073E+00
         0.42500E+02         0.22012E+01         0.22012E+01         0.22012E+01         0.57992E+00
         0.42550E+02         0.21978E+01         0.21978E+01         0.21978E+01         0.57956E+00
         0.42600E+02         0.21941E+01         0.21941E+01         0.21941E+01         0.57955E+00
         0.42650E+02         0.21903E+01         0.21903E+01         0.21902E+01         0.57981E+00
         0.42700E+02         0.21863E+01         0.21863E+01         0.21863E+01         0.58029E+00
         0.42750E+02         0.21822E+01         0.21822E+01         0.21822E+01         0.58095E+00
         0.42800E+02         0.21781E+01         0.21781E+01         0.21780E+01         0.58176E+00
         0.42850E+02         0.21739E+01         0.21739E+01         0.21738E+01         0.58269E+00
         0.42900E+02         0.21696E+01         0.21696E+01         0.21695E+01         0.58372E+00
         0.42950E+02         0.21653E+01         0.21653E+01         0.21652E+01         0.58484E+00
         0.43000E+02         0.21609E+01         0.21609E+01         0.21609E+01         0.58603E+00
         0.43050E+02         0.21565E+01         0.21565E+01         0.21565E+01         0.58728E+00
         0.43100E+02         0.21521E+01         0.21521E+01         0.21521E+01         0.58859E+00
         0.43150E+02         0.21477E+01         0.21477E+01         0.21477E+01         0.58994E+00
         0.43200E+02         0.21433E+01         0.21433E+01         0.21432E+01         0.59133E+00
         0.43250E+02         0.21389E+01         0.21389E+01         0.21388E+01         0.59275E+00
         0.43300E+02         0.21344E+01         0.21344E+01         0.21343E+01         0.59420E+00
         0.43350E+02         0.21300E+01         0.21300E+01         0.21299E+01         0.59567E+00
         0.43400E+02         0.21255E+01         0.21255E+01         0.21255E+01         0.59716E+00
         0.43450E+02         0.21211E+01         0.21211E+01         0.21210E+01         0.59867E+00
         0.43500E+02         0.21166E+01         0.21166E+01         0.21166E+01         0.60019E+00
         0.43550E+02         0.21122E+01         0.21122E+01         0.21121E+01         0.60172E+00
         0.43600E+02         0.21078E+01         0.21078E+01         0.21077E+01         0.60325E+00

