         0.13650E+02         0.54234E-01         0.54234E-01         0.54246E-01         0.00000E+00
         0.13700E+02         0.42537E-01         0.42537E-01         0.42548E-01         0.00000E+00
         0.13750E+02         0.31346E-01         0.31346E-01         0.31357E-01         0.00000E+00
         0.13800E+02         0.20517E-01         0.20517E-01         0.20529E-01         0.00000E+00
         0.13850E+02         0.99928E-02         0.99928E-02         0.10004E-01         0.00000E+00
         0.13900E+02        -0.25885E-03        -0.25888E-03        -0.24780E-03         0.00000E+00
         0.13950E+02        -0.10258E-01        -0.10259E-01        -0.10248E-01         0.00000E+00
         0.14000E+02        -0.20021E-01        -0.20021E-01        -0.20010E-01         0.00000E+00
         0.14050E+02        -0.29558E-01        -0.29558E-01        -0.29548E-01         0.00000E+00
         0.14100E+02        -0.38880E-01        -0.38880E-01        -0.38870E-01         0.00000E+00
         0.14150E+02        -0.47994E-01        -0.47994E-01        -0.47984E-01         0.00000E+00
         0.14200E+02        -0.56908E-01        -0.56908E-01        -0.56898E-01         0.00000E+00
         0.14250E+02        -0.65628E-01        -0.65628E-01        -0.65619E-01         0.00000E+00
         0.14300E+02        -0.74162E-01        -0.74162E-01        -0.74153E-01         0.00000E+00
         0.14350E+02        -0.82514E-01        -0.82514E-01        -0.82505E-01         0.00000E+00
         0.14400E+02        -0.90690E-01        -0.90690E-01        -0.90681E-01         0.00000E+00
         0.14450E+02        -0.98694E-01        -0.98694E-01        -0.98686E-01         0.00000E+00
         0.14500E+02        -0.10653E+00        -0.10653E+00        -0.10652E+00         0.00000E+00
         0.14550E+02        -0.11421E+00        -0.11421E+00        -0.11420E+00         0.00000E+00
         0.14600E+02        -0.12173E+00        -0.12173E+00        -0.12172E+00         0.00000E+00
         0.14650E+02        -0.12909E+00        -0.12909E+00        -0.12909E+00         0.00000E+00
         0.14700E+02        -0.13631E+00        -0.13631E+00        -0.13631E+00         0.00000E+00
         0.14750E+02        -0.14338E+00        -0.14338E+00        -0.14338E+00         0.00000E+00
         0.14800E+02        -0.15032E+00        -0.15032E+00        -0.15031E+00         0.00000E+00
         0.14850E+02        -0.15711E+00        -0.15711E+00        -0.15710E+00         0.00000E+00
         0.14900E+02        -0.16377E+00        -0.16377E+00        -0.16376E+00         0.00000E+00
         0.14950E+02        -0.17030E+00        -0.17030E+00        -0.17029E+00         0.00000E+00
         0.15000E+02        -0.17670E+00        -0.17670E+00        -0.17670E+00         0.00000E+00
         0.15050E+02        -0.18298E+00        -0.18298E+00        -0.18298E+00         0.00000E+00
         0.15100E+02        -0.18914E+00        -0.18914E+00        -0.18914E+00         0.00000E+00
         0.15150E+02        -0.19518E+00        -0.19518E+00        -0.19518E+00         0.00000E+00
         0.15200E+02        -0.20111E+00        -0.20111E+00        -0.20111E+00         0.00000E+00
         0.15250E+02        -0.20693E+00        -0.20693E+00        -0.20692E+00         0.00000E+00
         0.15300E+02        -0.21263E+00        -0.21263E+00        -0.21263E+00         0.00000E+00
         0.15350E+02        -0.21824E+00        -0.21824E+00        -0.21823E+00         0.00000E+00
         0.15400E+02        -0.22374E+00        -0.22374E+00        -0.22373E+00         0.00000E+00
         0.15450E+02        -0.22914E+00        -0.22914E+00        -0.22913E+00         0.00000E+00
         0.15500E+02        -0.23444E+00        -0.23444E+00        -0.23444E+00         0.00000E+00
         0.15550E+02        -0.23965E+00        -0.23965E+00        -0.23964E+00         0.00000E+00
         0.15600E+02        -0.24476E+00        -0.24476E+00        -0.24476E+00         0.00000E+00
         0.15650E+02        -0.24979E+00        -0.24979E+00        -0.24978E+00         0.00000E+00
         0.15700E+02        -0.25472E+00        -0.25472E+00        -0.25472E+00         0.00000E+00
         0.15750E+02        -0.25957E+00        -0.25957E+00        -0.25957E+00         0.00000E+00
         0.15800E+02        -0.26434E+00        -0.26434E+00        -0.26434E+00         0.00000E+00
         0.15850E+02        -0.26903E+00        -0.26903E+00        -0.26903E+00         0.00000E+00
         0.15900E+02        -0.27364E+00        -0.27364E+00        -0.27363E+00         0.00000E+00
         0.15950E+02        -0.27817E+00        -0.27817E+00        -0.27816E+00         0.00000E+00
         0.16000E+02        -0.28262E+00        -0.28262E+00        -0.28262E+00         0.00000E+00
         0.16050E+02        -0.28700E+00        -0.28700E+00        -0.28700E+00         0.00000E+00
         0.16100E+02        -0.29132E+00        -0.29132E+00        -0.29131E+00         0.00000E+00
         0.16150E+02        -0.29556E+00        -0.29556E+00        -0.29555E+00         0.00000E+00
         0.16200E+02        -0.29973E+00        -0.29973E+00        -0.29973E+00         0.00000E+00
         0.16250E+02        -0.30384E+00        -0.30384E+00        -0.30383E+00         0.00000E+00
         0.16300E+02        -0.30788E+00        -0.30788E+00        -0.30787E+00         0.00000E+00
         0.16350E+02        -0.31186E+00        -0.31186E+00        -0.31185E+00         0.00000E+00
         0.16400E+02        -0.31577E+00        -0.31577E+00        -0.31577E+00         0.00000E+00
         0.16450E+02        -0.31963E+00        -0.31963E+00        -0.31963E+00         0.00000E+00
         0.16500E+02        -0.32343E+00        -0.32343E+00        -0.32343E+00         0.00000E+00
         0.16550E+02        -0.32717E+00        -0.32717E+00        -0.32717E+00         0.00000E+00
         0.16600E+02        -0.33085E+00        -0.33085E+00        -0.33085E+00         0.00000E+00
         0.16650E+02        -0.33448E+00        -0.33448E+00        -0.33448E+00         0.00000E+00
         0.16700E+02        -0.33806E+00        -0.33806E+00        -0.33806E+00         0.00000E+00
         0.16750E+02        -0.34159E+00        -0.34159E+00        -0.34158E+00         0.00000E+00
         0.16800E+02        -0.34506E+00        -0.34506E+00        -0.34506E+00         0.00000E+00
         0.16850E+02        -0.34848E+00        -0.34848E+00        -0.34848E+00         0.00000E+00
         0.16900E+02        -0.35186E+00        -0.35186E+00        -0.35185E+00         0.00000E+00
         0.16950E+02        -0.35519E+00        -0.35519E+00        -0.35518E+00         0.00000E+00
         0.17000E+02        -0.35847E+00        -0.35847E+00        -0.35846E+00         0.00000E+00
         0.17050E+02        -0.36170E+00        -0.36170E+00        -0.36170E+00         0.00000E+00
         0.17100E+02        -0.36489E+00        -0.36489E+00        -0.36489E+00         0.00000E+00
         0.17150E+02        -0.36803E+00        -0.36803E+00        -0.36803E+00         0.00000E+00
         0.17200E+02        -0.37114E+00        -0.37114E+00        -0.37113E+00         0.00000E+00
         0.17250E+02        -0.37420E+00        -0.37420E+00        -0.37419E+00         0.00000E+00
         0.17300E+02        -0.37722E+00        -0.37722E+00        -0.37721E+00         0.00000E+00
         0.17350E+02        -0.38019E+00        -0.38019E+00        -0.38019E+00         0.00000E+00
         0.17400E+02        -0.38313E+00        -0.38313E+00        -0.38313E+00         0.00000E+00
         0.17450E+02        -0.38603E+00        -0.38603E+00        -0.38603E+00         0.00000E+00
         0.17500E+02        -0.38889E+00        -0.38889E+00        -0.38889E+00         0.00000E+00
         0.17550E+02        -0.39172E+00        -0.39172E+00        -0.39171E+00         0.00000E+00
         0.17600E+02        -0.39450E+00        -0.39450E+00        -0.39450E+00         0.00000E+00
         0.17650E+02        -0.39725E+00        -0.39725E+00        -0.39725E+00         0.00000E+00
         0.17700E+02        -0.39997E+00        -0.39996E+00        -0.39996E+00         0.00000E+00
         0.17750E+02        -0.40264E+00        -0.40264E+00        -0.40264E+00         0.00000E+00
         0.17800E+02        -0.40529E+00        -0.40529E+00        -0.40528E+00         0.00000E+00
         0.17850E+02        -0.40790E+00        -0.40790E+00        -0.40789E+00         0.00000E+00
         0.17900E+02        -0.41047E+00        -0.41047E+00        -0.41047E+00         0.00000E+00
         0.17950E+02        -0.41302E+00        -0.41302E+00        -0.41301E+00         0.00000E+00
         0.18000E+02        -0.41553E+00        -0.41553E+00        -0.41552E+00         0.00000E+00
         0.18050E+02        -0.41801E+00        -0.41801E+00        -0.41800E+00         0.00000E+00
         0.18100E+02        -0.42045E+00        -0.42045E+00        -0.42045E+00         0.00000E+00
         0.18150E+02        -0.42287E+00        -0.42287E+00        -0.42287E+00         0.00000E+00
         0.18200E+02        -0.42525E+00        -0.42525E+00        -0.42525E+00         0.00000E+00
         0.18250E+02        -0.42761E+00        -0.42761E+00        -0.42761E+00         0.00000E+00
         0.18300E+02        -0.42993E+00        -0.42993E+00        -0.42993E+00         0.00000E+00
         0.18350E+02        -0.43223E+00        -0.43223E+00        -0.43223E+00         0.00000E+00
         0.18400E+02        -0.43449E+00        -0.43449E+00        -0.43449E+00         0.00000E+00
         0.18450E+02        -0.43673E+00        -0.43673E+00        -0.43673E+00         0.00000E+00
         0.18500E+02        -0.43894E+00        -0.43894E+00        -0.43894E+00         0.00000E+00
         0.18550E+02        -0.44112E+00        -0.44112E+00        -0.44112E+00         0.00000E+00
         0.18600E+02        -0.44328E+00        -0.44328E+00        -0.44327E+00         0.00000E+00
         0.18650E+02        -0.44540E+00        -0.44540E+00        -0.44540E+00         0.00000E+00
         0.18700E+02        -0.44750E+00        -0.44750E+00        -0.44750E+00         0.00000E+00
         0.18750E+02        -0.44958E+00        -0.44958E+00        -0.44957E+00         0.00000E+00
         0.18800E+02        -0.45162E+00        -0.45162E+00        -0.45162E+00         0.00000E+00
         0.18850E+02        -0.45364E+00        -0.45364E+00        -0.45364E+00         0.00000E+00
         0.18900E+02        -0.45564E+00        -0.45564E+00        -0.45564E+00         0.00000E+00
         0.18950E+02        -0.45761E+00        -0.45761E+00        -0.45761E+00         0.00000E+00
         0.19000E+02        -0.45955E+00        -0.45955E+00        -0.45955E+00         0.00000E+00
         0.19050E+02        -0.46147E+00        -0.46147E+00        -0.46147E+00         0.00000E+00
         0.19100E+02        -0.46337E+00        -0.46337E+00        -0.46337E+00         0.00000E+00
         0.19150E+02        -0.46524E+00        -0.46524E+00        -0.46524E+00         0.00000E+00
         0.19200E+02        -0.46709E+00        -0.46709E+00        -0.46709E+00         0.00000E+00
         0.19250E+02        -0.46892E+00        -0.46892E+00        -0.46892E+00         0.00000E+00
         0.19300E+02        -0.47072E+00        -0.47072E+00        -0.47072E+00         0.00000E+00
         0.19350E+02        -0.47251E+00        -0.47251E+00        -0.47251E+00         0.00000E+00
         0.19400E+02        -0.47427E+00        -0.47427E+00        -0.47427E+00         0.00000E+00
         0.19450E+02        -0.47601E+00        -0.47601E+00        -0.47601E+00         0.00000E+00
         0.19500E+02        -0.47772E+00        -0.47772E+00        -0.47772E+00         0.00000E+00
         0.19550E+02        -0.47942E+00        -0.47942E+00        -0.47942E+00         0.00000E+00
         0.19600E+02        -0.48110E+00        -0.48110E+00        -0.48110E+00         0.00000E+00
         0.19650E+02        -0.48276E+00        -0.48276E+00        -0.48276E+00         0.00000E+00
         0.19700E+02        -0.48440E+00        -0.48440E+00        -0.48440E+00         0.00000E+00
         0.19750E+02        -0.48602E+00        -0.48602E+00        -0.48602E+00         0.00000E+00
         0.19800E+02        -0.48763E+00        -0.48763E+00        -0.48763E+00         0.00000E+00
         0.19850E+02        -0.48922E+00        -0.48922E+00        -0.48922E+00         0.00000E+00
         0.19900E+02        -0.49080E+00        -0.49080E+00        -0.49080E+00         0.00000E+00
         0.19950E+02        -0.49236E+00        -0.49236E+00        -0.49236E+00         0.00000E+00
         0.20000E+02        -0.49391E+00        -0.49391E+00        -0.49391E+00         0.00000E+00
         0.20050E+02        -0.49545E+00        -0.49545E+00        -0.49545E+00         0.00000E+00
         0.20100E+02        -0.49698E+00        -0.49698E+00        -0.49698E+00         0.00000E+00
         0.20150E+02        -0.49850E+00        -0.49850E+00        -0.49851E+00         0.00000E+00
         0.20200E+02        -0.50002E+00        -0.50002E+00        -0.50003E+00         0.00000E+00
         0.20250E+02        -0.50154E+00        -0.50154E+00        -0.50154E+00         0.00000E+00
         0.20300E+02        -0.50306E+00        -0.50306E+00        -0.50307E+00         0.00000E+00
         0.20350E+02        -0.50459E+00        -0.50459E+00        -0.50459E+00         0.00000E+00
         0.20400E+02        -0.50613E+00        -0.50613E+00        -0.50614E+00         0.00000E+00
         0.20450E+02        -0.50770E+00        -0.50770E+00        -0.50770E+00         0.00000E+00
         0.20500E+02        -0.50929E+00        -0.50929E+00        -0.50929E+00         0.00000E+00
         0.20550E+02        -0.51093E+00        -0.51093E+00        -0.51093E+00         0.00000E+00
         0.20600E+02        -0.51262E+00        -0.51262E+00        -0.51263E+00         0.00000E+00
         0.20650E+02        -0.51441E+00        -0.51441E+00        -0.51441E+00         0.00000E+00
         0.20700E+02        -0.51632E+00        -0.51632E+00        -0.51632E+00         0.00000E+00
         0.20750E+02        -0.51842E+00        -0.51842E+00        -0.51842E+00         0.00000E+00
         0.20800E+02        -0.52079E+00        -0.52079E+00        -0.52079E+00         0.00000E+00
         0.20850E+02        -0.52362E+00        -0.52362E+00        -0.52362E+00         0.00000E+00
         0.20900E+02        -0.52723E+00        -0.52723E+00        -0.52723E+00         0.00000E+00
         0.20950E+02        -0.53236E+00        -0.53236E+00        -0.53235E+00         0.00000E+00
         0.21000E+02        -0.54108E+00        -0.54108E+00        -0.54107E+00         0.00000E+00
         0.21050E+02        -0.56236E+00        -0.56236E+00        -0.56232E+00         0.00000E+00
         0.21100E+02        -0.74771E+00        -0.74770E+00        -0.74533E+00         0.00000E+00
         0.21150E+02        -0.45428E+00        -0.45428E+00        -0.45425E+00         0.00000E+00
         0.21200E+02        -0.49191E+00        -0.49191E+00        -0.49191E+00         0.00000E+00
         0.21250E+02        -0.50363E+00        -0.50363E+00        -0.50363E+00         0.00000E+00
         0.21300E+02        -0.50984E+00        -0.50984E+00        -0.50984E+00         0.00000E+00
         0.21350E+02        -0.51400E+00        -0.51400E+00        -0.51400E+00         0.00000E+00
         0.21400E+02        -0.51720E+00        -0.51720E+00        -0.51721E+00         0.00000E+00
         0.21450E+02        -0.51991E+00        -0.51991E+00        -0.51992E+00         0.00000E+00
         0.21500E+02        -0.52237E+00        -0.52237E+00        -0.52238E+00         0.00000E+00
         0.21550E+02        -0.52474E+00        -0.52474E+00        -0.52475E+00         0.00000E+00
         0.21600E+02        -0.52715E+00        -0.52715E+00        -0.52716E+00         0.00000E+00
         0.21650E+02        -0.52971E+00        -0.52971E+00        -0.52972E+00         0.00000E+00
         0.21700E+02        -0.53227E+00        -0.53227E+00        -0.53229E+00         0.00000E+00
         0.21750E+02        -0.53060E+00        -0.53060E+00        -0.53062E+00         0.00000E+00
         0.21800E+02        -0.19522E+00        -0.19521E+00        -0.19317E+00         0.00000E+00
         0.21850E+02        -0.47291E+00        -0.47291E+00        -0.47302E+00         0.00000E+00
         0.21900E+02        -0.51015E+00        -0.51015E+00        -0.51017E+00         0.00000E+00
         0.21950E+02        -0.52030E+00        -0.52030E+00        -0.52031E+00         0.00000E+00
         0.22000E+02        -0.52571E+00        -0.52571E+00        -0.52572E+00         0.00000E+00
         0.22050E+02        -0.52974E+00        -0.52974E+00        -0.52975E+00         0.00000E+00
         0.22100E+02        -0.53354E+00        -0.53354E+00        -0.53354E+00         0.00000E+00
         0.22150E+02        -0.53800E+00        -0.53800E+00        -0.53800E+00         0.00000E+00
         0.22200E+02        -0.54516E+00        -0.54516E+00        -0.54516E+00         0.00000E+00
         0.22250E+02        -0.56844E+00        -0.56844E+00        -0.56843E+00         0.00000E+00
         0.22300E+02        -0.47333E+00        -0.47333E+00        -0.47331E+00         0.00000E+00
         0.22350E+02        -0.52140E+00        -0.52140E+00        -0.52141E+00         0.00000E+00
         0.22400E+02        -0.53144E+00        -0.53144E+00        -0.53145E+00         0.00000E+00
         0.22450E+02        -0.53821E+00        -0.53821E+00        -0.53822E+00         0.00000E+00
         0.22500E+02        -0.44324E+00        -0.44324E+00        -0.44294E+00         0.00000E+00
         0.22550E+02        -0.49999E+00        -0.49999E+00        -0.50003E+00         0.00000E+00
         0.22600E+02        -0.52564E+00        -0.52564E+00        -0.52565E+00         0.00000E+00
         0.22650E+02        -0.53503E+00        -0.53503E+00        -0.53503E+00         0.00000E+00
         0.22700E+02        -0.54619E+00        -0.54619E+00        -0.54619E+00         0.00000E+00
         0.22750E+02        -0.46224E+00        -0.46224E+00        -0.46220E+00         0.00000E+00
         0.22800E+02        -0.53588E+00        -0.53588E+00        -0.53588E+00         0.00000E+00
         0.22850E+02        -0.28943E+00        -0.28943E+00        -0.29003E+00         0.00000E+00
         0.22900E+02        -0.52838E+00        -0.52838E+00        -0.52839E+00         0.00000E+00
         0.22950E+02        -0.54765E+00        -0.54765E+00        -0.54765E+00         0.00000E+00
         0.23000E+02        -0.53529E+00        -0.53529E+00        -0.53529E+00         0.00000E+00
         0.23050E+02        -0.52050E+00        -0.52050E+00        -0.52051E+00         0.00000E+00
         0.23100E+02        -0.58415E+00        -0.58415E+00        -0.58413E+00         0.00000E+00
         0.23150E+02        -0.51897E+00        -0.51897E+00        -0.51898E+00         0.00000E+00
         0.23200E+02        -0.54247E+00        -0.54247E+00        -0.54247E+00         0.00000E+00
         0.23250E+02        -0.54297E+00        -0.54297E+00        -0.54297E+00         0.00000E+00
         0.23300E+02        -0.54041E+00        -0.54041E+00        -0.54041E+00         0.00000E+00
         0.23350E+02        -0.52823E+00        -0.52823E+00        -0.52823E+00         0.00000E+00
         0.23400E+02        -0.54586E+00        -0.54586E+00        -0.54586E+00         0.00000E+00
         0.23450E+02        -0.52462E+00        -0.52462E+00        -0.52462E+00        -0.41617E+00
         0.23500E+02        -0.52470E+00        -0.52470E+00        -0.52470E+00        -0.40899E+00
         0.23550E+02        -0.52478E+00        -0.52478E+00        -0.52478E+00        -0.40393E+00
         0.23600E+02        -0.52486E+00        -0.52486E+00        -0.52486E+00        -0.39974E+00
         0.23650E+02        -0.52495E+00        -0.52495E+00        -0.52495E+00        -0.39607E+00
         0.23700E+02        -0.52504E+00        -0.52504E+00        -0.52504E+00        -0.39278E+00
         0.23750E+02        -0.52514E+00        -0.52514E+00        -0.52514E+00        -0.38978E+00
         0.23800E+02        -0.52524E+00        -0.52524E+00        -0.52524E+00        -0.38702E+00
         0.23850E+02        -0.52534E+00        -0.52534E+00        -0.52534E+00        -0.38446E+00
         0.23900E+02        -0.52545E+00        -0.52545E+00        -0.52545E+00        -0.38207E+00
         0.23950E+02        -0.52556E+00        -0.52556E+00        -0.52556E+00        -0.37984E+00
         0.24000E+02        -0.52568E+00        -0.52568E+00        -0.52568E+00        -0.37775E+00
         0.24050E+02        -0.52580E+00        -0.52580E+00        -0.52580E+00        -0.37579E+00
         0.24100E+02        -0.52593E+00        -0.52593E+00        -0.52593E+00        -0.37395E+00
         0.24150E+02        -0.52607E+00        -0.52607E+00        -0.52607E+00        -0.37222E+00
         0.24200E+02        -0.52621E+00        -0.52621E+00        -0.52621E+00        -0.37059E+00
         0.24250E+02        -0.52635E+00        -0.52635E+00        -0.52635E+00        -0.36906E+00
         0.24300E+02        -0.52650E+00        -0.52650E+00        -0.52650E+00        -0.36762E+00
         0.24350E+02        -0.52666E+00        -0.52666E+00        -0.52666E+00        -0.36627E+00
         0.24400E+02        -0.52682E+00        -0.52682E+00        -0.52682E+00        -0.36500E+00
         0.24450E+02        -0.52699E+00        -0.52699E+00        -0.52698E+00        -0.36382E+00
         0.24500E+02        -0.52716E+00        -0.52716E+00        -0.52716E+00        -0.36271E+00
         0.24550E+02        -0.52734E+00        -0.52734E+00        -0.52734E+00        -0.36168E+00
         0.24600E+02        -0.52752E+00        -0.52752E+00        -0.52752E+00        -0.36072E+00
         0.24650E+02        -0.52771E+00        -0.52771E+00        -0.52771E+00        -0.35983E+00
         0.24700E+02        -0.52791E+00        -0.52791E+00        -0.52790E+00        -0.35901E+00
         0.24750E+02        -0.52811E+00        -0.52811E+00        -0.52810E+00        -0.35825E+00
         0.24800E+02        -0.52831E+00        -0.52831E+00        -0.52831E+00        -0.35756E+00
         0.24850E+02        -0.52852E+00        -0.52852E+00        -0.52852E+00        -0.35693E+00
         0.24900E+02        -0.52874E+00        -0.52874E+00        -0.52873E+00        -0.35636E+00
         0.24950E+02        -0.52896E+00        -0.52896E+00        -0.52896E+00        -0.35585E+00
         0.25000E+02        -0.52919E+00        -0.52919E+00        -0.52918E+00        -0.35540E+00
         0.25050E+02        -0.52942E+00        -0.52942E+00        -0.52941E+00        -0.35500E+00
         0.25100E+02        -0.52965E+00        -0.52965E+00        -0.52965E+00        -0.35466E+00
         0.25150E+02        -0.52990E+00        -0.52990E+00        -0.52989E+00        -0.35437E+00
         0.25200E+02        -0.53014E+00        -0.53014E+00        -0.53013E+00        -0.35413E+00
         0.25250E+02        -0.53039E+00        -0.53039E+00        -0.53038E+00        -0.35394E+00
         0.25300E+02        -0.53064E+00        -0.53065E+00        -0.53064E+00        -0.35379E+00
         0.25350E+02        -0.53090E+00        -0.53090E+00        -0.53090E+00        -0.35370E+00
         0.25400E+02        -0.53117E+00        -0.53117E+00        -0.53116E+00        -0.35365E+00
         0.25450E+02        -0.53143E+00        -0.53143E+00        -0.53143E+00        -0.35365E+00
         0.25500E+02        -0.53170E+00        -0.53170E+00        -0.53170E+00        -0.35369E+00
         0.25550E+02        -0.53198E+00        -0.53198E+00        -0.53197E+00        -0.35377E+00
         0.25600E+02        -0.53225E+00        -0.53226E+00        -0.53225E+00        -0.35389E+00
         0.25650E+02        -0.53254E+00        -0.53254E+00        -0.53253E+00        -0.35405E+00
         0.25700E+02        -0.53282E+00        -0.53282E+00        -0.53281E+00        -0.35425E+00
         0.25750E+02        -0.53311E+00        -0.53311E+00        -0.53310E+00        -0.35448E+00
         0.25800E+02        -0.53340E+00        -0.53340E+00        -0.53339E+00        -0.35475E+00
         0.25850E+02        -0.53369E+00        -0.53369E+00        -0.53369E+00        -0.35506E+00
         0.25900E+02        -0.53399E+00        -0.53399E+00        -0.53398E+00        -0.35540E+00
         0.25950E+02        -0.53429E+00        -0.53429E+00        -0.53428E+00        -0.35576E+00
         0.26000E+02        -0.53459E+00        -0.53459E+00        -0.53458E+00        -0.35616E+00
         0.26050E+02        -0.53489E+00        -0.53489E+00        -0.53489E+00        -0.35659E+00
         0.26100E+02        -0.53520E+00        -0.53520E+00        -0.53519E+00        -0.35705E+00
         0.26150E+02        -0.53551E+00        -0.53551E+00        -0.53550E+00        -0.35753E+00
         0.26200E+02        -0.53582E+00        -0.53582E+00        -0.53581E+00        -0.35804E+00
         0.26250E+02        -0.53613E+00        -0.53613E+00        -0.53612E+00        -0.35857E+00
         0.26300E+02        -0.53645E+00        -0.53645E+00        -0.53644E+00        -0.35912E+00
         0.26350E+02        -0.53676E+00        -0.53676E+00        -0.53675E+00        -0.35970E+00
         0.26400E+02        -0.53708E+00        -0.53708E+00        -0.53707E+00        -0.36029E+00
         0.26450E+02        -0.53740E+00        -0.53740E+00        -0.53739E+00        -0.36091E+00
         0.26500E+02        -0.53772E+00        -0.53772E+00        -0.53771E+00        -0.36154E+00
         0.26550E+02        -0.53804E+00        -0.53804E+00        -0.53803E+00        -0.36219E+00
         0.26600E+02        -0.53836E+00        -0.53836E+00        -0.53835E+00        -0.36286E+00
         0.26650E+02        -0.53868E+00        -0.53868E+00        -0.53867E+00        -0.36354E+00
         0.26700E+02        -0.53901E+00        -0.53901E+00        -0.53900E+00        -0.36424E+00
         0.26750E+02        -0.53933E+00        -0.53933E+00        -0.53932E+00        -0.36495E+00
         0.26800E+02        -0.53966E+00        -0.53966E+00        -0.53965E+00        -0.36567E+00
         0.26850E+02        -0.53998E+00        -0.53998E+00        -0.53997E+00        -0.36640E+00
         0.26900E+02        -0.54031E+00        -0.54031E+00        -0.54030E+00        -0.36714E+00
         0.26950E+02        -0.54063E+00        -0.54063E+00        -0.54063E+00        -0.36789E+00
         0.27000E+02        -0.54096E+00        -0.54096E+00        -0.54095E+00        -0.36865E+00
         0.27050E+02        -0.54129E+00        -0.54129E+00        -0.54128E+00        -0.36942E+00
         0.27100E+02        -0.54161E+00        -0.54161E+00        -0.54161E+00        -0.37019E+00
         0.27150E+02        -0.54194E+00        -0.54194E+00        -0.54193E+00        -0.37097E+00
         0.27200E+02        -0.54227E+00        -0.54227E+00        -0.54226E+00        -0.37176E+00
         0.27250E+02        -0.54259E+00        -0.54259E+00        -0.54259E+00        -0.37256E+00
         0.27300E+02        -0.54292E+00        -0.54292E+00        -0.54291E+00        -0.37335E+00
         0.27350E+02        -0.54324E+00        -0.54324E+00        -0.54324E+00        -0.37416E+00
         0.27400E+02        -0.54357E+00        -0.54357E+00        -0.54356E+00        -0.37496E+00
         0.27450E+02        -0.54389E+00        -0.54389E+00        -0.54389E+00        -0.37577E+00
         0.27500E+02        -0.54422E+00        -0.54422E+00        -0.54421E+00        -0.37659E+00
         0.27550E+02        -0.54454E+00        -0.54454E+00        -0.54453E+00        -0.37741E+00
         0.27600E+02        -0.54486E+00        -0.54486E+00        -0.54486E+00        -0.37823E+00
         0.27650E+02        -0.54519E+00        -0.54519E+00        -0.54518E+00        -0.37905E+00
         0.27700E+02        -0.54551E+00        -0.54551E+00        -0.54550E+00        -0.37988E+00
         0.27750E+02        -0.54583E+00        -0.54583E+00        -0.54582E+00        -0.38071E+00
         0.27800E+02        -0.54615E+00        -0.54615E+00        -0.54614E+00        -0.38155E+00
         0.27850E+02        -0.54646E+00        -0.54646E+00        -0.54646E+00        -0.38239E+00
         0.27900E+02        -0.54678E+00        -0.54678E+00        -0.54677E+00        -0.38323E+00
         0.27950E+02        -0.54710E+00        -0.54710E+00        -0.54709E+00        -0.38407E+00
         0.28000E+02        -0.54741E+00        -0.54741E+00        -0.54740E+00        -0.38492E+00
         0.28050E+02        -0.54772E+00        -0.54772E+00        -0.54772E+00        -0.38578E+00
         0.28100E+02        -0.54803E+00        -0.54803E+00        -0.54803E+00        -0.38664E+00
         0.28150E+02        -0.54834E+00        -0.54834E+00        -0.54834E+00        -0.38750E+00
         0.28200E+02        -0.54865E+00        -0.54865E+00        -0.54865E+00        -0.38837E+00
         0.28250E+02        -0.54896E+00        -0.54896E+00        -0.54895E+00        -0.38925E+00
         0.28300E+02        -0.54927E+00        -0.54927E+00        -0.54926E+00        -0.39014E+00
         0.28350E+02        -0.54957E+00        -0.54957E+00        -0.54956E+00        -0.39103E+00
         0.28400E+02        -0.54987E+00        -0.54987E+00        -0.54987E+00        -0.39193E+00
         0.28450E+02        -0.55017E+00        -0.55017E+00        -0.55017E+00        -0.39284E+00
         0.28500E+02        -0.55047E+00        -0.55047E+00        -0.55047E+00        -0.39377E+00
         0.28550E+02        -0.55077E+00        -0.55077E+00        -0.55076E+00        -0.39470E+00
         0.28600E+02        -0.55107E+00        -0.55107E+00        -0.55106E+00        -0.39564E+00
         0.28650E+02        -0.55136E+00        -0.55136E+00        -0.55135E+00        -0.39660E+00
         0.28700E+02        -0.55165E+00        -0.55165E+00        -0.55165E+00        -0.39758E+00
         0.28750E+02        -0.55194E+00        -0.55194E+00        -0.55194E+00        -0.39856E+00
         0.28800E+02        -0.55223E+00        -0.55223E+00        -0.55222E+00        -0.39957E+00
         0.28850E+02        -0.55252E+00        -0.55252E+00        -0.55251E+00        -0.40059E+00
         0.28900E+02        -0.55280E+00        -0.55280E+00        -0.55279E+00        -0.40163E+00
         0.28950E+02        -0.55308E+00        -0.55308E+00        -0.55308E+00        -0.40269E+00
         0.29000E+02        -0.55336E+00        -0.55336E+00        -0.55336E+00        -0.40377E+00
         0.29050E+02        -0.55364E+00        -0.55364E+00        -0.55363E+00        -0.40487E+00
         0.29100E+02        -0.55392E+00        -0.55392E+00        -0.55391E+00        -0.40600E+00
         0.29150E+02        -0.55419E+00        -0.55419E+00        -0.55418E+00        -0.40715E+00
         0.29200E+02        -0.55446E+00        -0.55446E+00        -0.55446E+00        -0.40833E+00
         0.29250E+02        -0.55473E+00        -0.55473E+00        -0.55473E+00        -0.40954E+00
         0.29300E+02        -0.55500E+00        -0.55500E+00        -0.55499E+00        -0.41077E+00
         0.29350E+02        -0.55526E+00        -0.55526E+00        -0.55526E+00        -0.41204E+00
         0.29400E+02        -0.55553E+00        -0.55553E+00        -0.55552E+00        -0.41334E+00
         0.29450E+02        -0.55579E+00        -0.55579E+00        -0.55578E+00        -0.41467E+00
         0.29500E+02        -0.55604E+00        -0.55604E+00        -0.55604E+00        -0.41603E+00
         0.29550E+02        -0.55630E+00        -0.55630E+00        -0.55629E+00        -0.41744E+00
         0.29600E+02        -0.55655E+00        -0.55655E+00        -0.55655E+00        -0.41887E+00
         0.29650E+02        -0.55680E+00        -0.55680E+00        -0.55680E+00        -0.42035E+00
         0.29700E+02        -0.55705E+00        -0.55705E+00        -0.55705E+00        -0.42187E+00
         0.29750E+02        -0.55730E+00        -0.55730E+00        -0.55729E+00        -0.42343E+00
         0.29800E+02        -0.55754E+00        -0.55754E+00        -0.55754E+00        -0.42503E+00
         0.29850E+02        -0.55778E+00        -0.55778E+00        -0.55778E+00        -0.42668E+00
         0.29900E+02        -0.55802E+00        -0.55802E+00        -0.55802E+00        -0.42837E+00
         0.29950E+02        -0.55826E+00        -0.55826E+00        -0.55825E+00        -0.43011E+00
         0.30000E+02        -0.55849E+00        -0.55849E+00        -0.55849E+00        -0.43190E+00
         0.30050E+02        -0.55872E+00        -0.55872E+00        -0.55872E+00        -0.43374E+00
         0.30100E+02        -0.55895E+00        -0.55895E+00        -0.55895E+00        -0.43563E+00
         0.30150E+02        -0.55918E+00        -0.55918E+00        -0.55917E+00        -0.43757E+00
         0.30200E+02        -0.55940E+00        -0.55940E+00        -0.55940E+00        -0.43956E+00
         0.30250E+02        -0.55962E+00        -0.55962E+00        -0.55962E+00        -0.44161E+00
         0.30300E+02        -0.55984E+00        -0.55984E+00        -0.55984E+00        -0.44371E+00
         0.30350E+02        -0.56006E+00        -0.56006E+00        -0.56005E+00        -0.44587E+00
         0.30400E+02        -0.56027E+00        -0.56027E+00        -0.56026E+00        -0.44809E+00
         0.30450E+02        -0.56048E+00        -0.56048E+00        -0.56047E+00        -0.45036E+00
         0.30500E+02        -0.56069E+00        -0.56069E+00        -0.56068E+00        -0.45270E+00
         0.30550E+02        -0.56089E+00        -0.56089E+00        -0.56089E+00        -0.45509E+00
         0.30600E+02        -0.56109E+00        -0.56109E+00        -0.56109E+00        -0.45755E+00
         0.30650E+02        -0.56129E+00        -0.56129E+00        -0.56129E+00        -0.46006E+00
         0.30700E+02        -0.56149E+00        -0.56149E+00        -0.56148E+00        -0.46264E+00
         0.30750E+02        -0.56168E+00        -0.56168E+00        -0.56168E+00        -0.46528E+00
         0.30800E+02        -0.56187E+00        -0.56187E+00        -0.56187E+00        -0.46798E+00
         0.30850E+02        -0.56206E+00        -0.56206E+00        -0.56206E+00        -0.47075E+00
         0.30900E+02        -0.56224E+00        -0.56224E+00        -0.56224E+00        -0.47358E+00
         0.30950E+02        -0.56242E+00        -0.56242E+00        -0.56242E+00        -0.47647E+00
         0.31000E+02        -0.56260E+00        -0.56260E+00        -0.56260E+00        -0.47942E+00
         0.31050E+02        -0.56278E+00        -0.56278E+00        -0.56278E+00        -0.48244E+00
         0.31100E+02        -0.56295E+00        -0.56295E+00        -0.56295E+00        -0.48552E+00
         0.31150E+02        -0.56312E+00        -0.56312E+00        -0.56312E+00        -0.48867E+00
         0.31200E+02        -0.56329E+00        -0.56329E+00        -0.56329E+00        -0.49187E+00
         0.31250E+02        -0.56345E+00        -0.56345E+00        -0.56345E+00        -0.49514E+00
         0.31300E+02        -0.56362E+00        -0.56362E+00        -0.56361E+00        -0.49847E+00
         0.31350E+02        -0.56377E+00        -0.56377E+00        -0.56377E+00        -0.50187E+00
         0.31400E+02        -0.56393E+00        -0.56393E+00        -0.56393E+00        -0.50532E+00
         0.31450E+02        -0.56408E+00        -0.56408E+00        -0.56408E+00        -0.50883E+00
         0.31500E+02        -0.56423E+00        -0.56423E+00        -0.56423E+00        -0.51240E+00
         0.31550E+02        -0.56438E+00        -0.56438E+00        -0.56438E+00        -0.51603E+00
         0.31600E+02        -0.56452E+00        -0.56452E+00        -0.56452E+00        -0.51972E+00
         0.31650E+02        -0.56466E+00        -0.56466E+00        -0.56466E+00        -0.52346E+00
         0.31700E+02        -0.56480E+00        -0.56480E+00        -0.56480E+00        -0.52726E+00
         0.31750E+02        -0.56493E+00        -0.56493E+00        -0.56493E+00        -0.53110E+00
         0.31800E+02        -0.56506E+00        -0.56506E+00        -0.56506E+00        -0.53500E+00
         0.31850E+02        -0.56519E+00        -0.56519E+00        -0.56519E+00        -0.53896E+00
         0.31900E+02        -0.56531E+00        -0.56531E+00        -0.56531E+00        -0.54295E+00
         0.31950E+02        -0.56543E+00        -0.56543E+00        -0.56543E+00        -0.54700E+00
         0.32000E+02        -0.56555E+00        -0.56555E+00        -0.56555E+00        -0.55109E+00
         0.32050E+02        -0.56566E+00        -0.56566E+00        -0.56567E+00        -0.55523E+00
         0.32100E+02        -0.56578E+00        -0.56578E+00        -0.56578E+00        -0.55940E+00
         0.32150E+02        -0.56588E+00        -0.56588E+00        -0.56588E+00        -0.56362E+00
         0.32200E+02        -0.56599E+00        -0.56599E+00        -0.56599E+00        -0.56787E+00
         0.32250E+02        -0.56609E+00        -0.56609E+00        -0.56609E+00        -0.57215E+00
         0.32300E+02        -0.56619E+00        -0.56619E+00        -0.56619E+00        -0.57648E+00
         0.32350E+02        -0.56629E+00        -0.56628E+00        -0.56629E+00        -0.58083E+00
         0.32400E+02        -0.56638E+00        -0.56638E+00        -0.56638E+00        -0.58521E+00
         0.32450E+02        -0.56647E+00        -0.56647E+00        -0.56647E+00        -0.58961E+00
         0.32500E+02        -0.56655E+00        -0.56655E+00        -0.56655E+00        -0.59404E+00
         0.32550E+02        -0.56663E+00        -0.56663E+00        -0.56664E+00        -0.59850E+00
         0.32600E+02        -0.56671E+00        -0.56671E+00        -0.56671E+00        -0.60297E+00
         0.32650E+02        -0.56679E+00        -0.56679E+00        -0.56679E+00        -0.60746E+00
         0.32700E+02        -0.56686E+00        -0.56686E+00        -0.56686E+00        -0.61196E+00
         0.32750E+02        -0.56693E+00        -0.56693E+00        -0.56693E+00        -0.61647E+00
         0.32800E+02        -0.56700E+00        -0.56700E+00        -0.56700E+00        -0.62100E+00
         0.32850E+02        -0.56706E+00        -0.56706E+00        -0.56706E+00        -0.62553E+00
         0.32900E+02        -0.56712E+00        -0.56712E+00        -0.56712E+00        -0.63007E+00
         0.32950E+02        -0.56718E+00        -0.56718E+00        -0.56718E+00        -0.63461E+00
         0.33000E+02        -0.56723E+00        -0.56723E+00        -0.56723E+00        -0.63915E+00
         0.33050E+02        -0.56728E+00        -0.56728E+00        -0.56728E+00        -0.64369E+00
         0.33100E+02        -0.56733E+00        -0.56733E+00        -0.56733E+00        -0.64823E+00
         0.33150E+02        -0.56737E+00        -0.56737E+00        -0.56737E+00        -0.65276E+00
         0.33200E+02        -0.56741E+00        -0.56741E+00        -0.56742E+00        -0.65728E+00
         0.33250E+02        -0.56745E+00        -0.56745E+00        -0.56745E+00        -0.66179E+00
         0.33300E+02        -0.56748E+00        -0.56748E+00        -0.56749E+00        -0.66628E+00
         0.33350E+02        -0.56751E+00        -0.56751E+00        -0.56752E+00        -0.67077E+00
         0.33400E+02        -0.56754E+00        -0.56754E+00        -0.56755E+00        -0.67523E+00
         0.33450E+02        -0.56757E+00        -0.56757E+00        -0.56757E+00        -0.67967E+00
         0.33500E+02        -0.56759E+00        -0.56759E+00        -0.56759E+00        -0.68410E+00
         0.33550E+02        -0.56761E+00        -0.56761E+00        -0.56761E+00        -0.68850E+00
         0.33600E+02        -0.56763E+00        -0.56763E+00        -0.56763E+00        -0.69288E+00
         0.33650E+02        -0.56764E+00        -0.56764E+00        -0.56764E+00        -0.69723E+00
         0.33700E+02        -0.56765E+00        -0.56765E+00        -0.56765E+00        -0.70155E+00
         0.33750E+02        -0.56766E+00        -0.56766E+00        -0.56766E+00        -0.70584E+00
         0.33800E+02        -0.56766E+00        -0.56766E+00        -0.56767E+00        -0.71010E+00
         0.33850E+02        -0.56766E+00        -0.56766E+00        -0.56767E+00        -0.71433E+00
         0.33900E+02        -0.56766E+00        -0.56766E+00        -0.56767E+00        -0.71852E+00
         0.33950E+02        -0.56766E+00        -0.56766E+00        -0.56766E+00        -0.72268E+00
         0.34000E+02        -0.56765E+00        -0.56765E+00        -0.56766E+00        -0.72680E+00
         0.34050E+02        -0.56764E+00        -0.56764E+00        -0.56765E+00        -0.73088E+00
         0.34100E+02        -0.56763E+00        -0.56763E+00        -0.56764E+00        -0.73493E+00
         0.34150E+02        -0.56761E+00        -0.56761E+00        -0.56762E+00        -0.73893E+00
         0.34200E+02        -0.56760E+00        -0.56760E+00        -0.56760E+00        -0.74289E+00
         0.34250E+02        -0.56758E+00        -0.56758E+00        -0.56758E+00        -0.74681E+00
         0.34300E+02        -0.56756E+00        -0.56755E+00        -0.56756E+00        -0.75069E+00
         0.34350E+02        -0.56753E+00        -0.56753E+00        -0.56754E+00        -0.75452E+00
         0.34400E+02        -0.56750E+00        -0.56750E+00        -0.56751E+00        -0.75831E+00
         0.34450E+02        -0.56747E+00        -0.56747E+00        -0.56748E+00        -0.76205E+00
         0.34500E+02        -0.56744E+00        -0.56744E+00        -0.56745E+00        -0.76575E+00
         0.34550E+02        -0.56741E+00        -0.56741E+00        -0.56742E+00        -0.76941E+00
         0.34600E+02        -0.56737E+00        -0.56737E+00        -0.56738E+00        -0.77301E+00
         0.34650E+02        -0.56733E+00        -0.56733E+00        -0.56734E+00        -0.77657E+00
         0.34700E+02        -0.56729E+00        -0.56729E+00        -0.56730E+00        -0.78008E+00
         0.34750E+02        -0.56725E+00        -0.56725E+00        -0.56726E+00        -0.78355E+00
         0.34800E+02        -0.56721E+00        -0.56721E+00        -0.56722E+00        -0.78696E+00
         0.34850E+02        -0.56716E+00        -0.56716E+00        -0.56717E+00        -0.79033E+00
         0.34900E+02        -0.56711E+00        -0.56711E+00        -0.56712E+00        -0.79365E+00
         0.34950E+02        -0.56706E+00        -0.56706E+00        -0.56707E+00        -0.79693E+00
         0.35000E+02        -0.56701E+00        -0.56701E+00        -0.56702E+00        -0.80015E+00
         0.35050E+02        -0.56696E+00        -0.56696E+00        -0.56697E+00        -0.80333E+00
         0.35100E+02        -0.56691E+00        -0.56691E+00        -0.56691E+00        -0.80646E+00
         0.35150E+02        -0.56685E+00        -0.56685E+00        -0.56686E+00        -0.80954E+00
         0.35200E+02        -0.56679E+00        -0.56679E+00        -0.56680E+00        -0.81258E+00
         0.35250E+02        -0.56673E+00        -0.56673E+00        -0.56674E+00        -0.81556E+00
         0.35300E+02        -0.56667E+00        -0.56667E+00        -0.56668E+00        -0.81851E+00
         0.35350E+02        -0.56661E+00        -0.56661E+00        -0.56662E+00        -0.82140E+00
         0.35400E+02        -0.56655E+00        -0.56655E+00        -0.56656E+00        -0.82425E+00
         0.35450E+02        -0.56648E+00        -0.56648E+00        -0.56649E+00        -0.82705E+00
         0.35500E+02        -0.56642E+00        -0.56642E+00        -0.56643E+00        -0.82981E+00
         0.35550E+02        -0.56635E+00        -0.56635E+00        -0.56636E+00        -0.83252E+00
         0.35600E+02        -0.56628E+00        -0.56628E+00        -0.56629E+00        -0.83519E+00
         0.35650E+02        -0.56621E+00        -0.56621E+00        -0.56623E+00        -0.83781E+00
         0.35700E+02        -0.56615E+00        -0.56615E+00        -0.56616E+00        -0.84039E+00
         0.35750E+02        -0.56607E+00        -0.56607E+00        -0.56609E+00        -0.84293E+00
         0.35800E+02        -0.56600E+00        -0.56600E+00        -0.56601E+00        -0.84542E+00
         0.35850E+02        -0.56593E+00        -0.56593E+00        -0.56594E+00        -0.84787E+00
         0.35900E+02        -0.56586E+00        -0.56586E+00        -0.56587E+00        -0.85028E+00
         0.35950E+02        -0.56579E+00        -0.56579E+00        -0.56580E+00        -0.85265E+00
         0.36000E+02        -0.56571E+00        -0.56571E+00        -0.56572E+00        -0.85498E+00
         0.36050E+02        -0.56564E+00        -0.56564E+00        -0.56565E+00        -0.85727E+00
         0.36100E+02        -0.56556E+00        -0.56556E+00        -0.56557E+00        -0.85952E+00
         0.36150E+02        -0.56549E+00        -0.56549E+00        -0.56550E+00        -0.86173E+00
         0.36200E+02        -0.56541E+00        -0.56541E+00        -0.56542E+00        -0.86390E+00
         0.36250E+02        -0.56534E+00        -0.56534E+00        -0.56535E+00        -0.86604E+00
         0.36300E+02        -0.56526E+00        -0.56526E+00        -0.56527E+00        -0.86814E+00
         0.36350E+02        -0.56518E+00        -0.56518E+00        -0.56519E+00        -0.87020E+00
         0.36400E+02        -0.56511E+00        -0.56511E+00        -0.56512E+00        -0.87223E+00
         0.36450E+02        -0.56503E+00        -0.56503E+00        -0.56504E+00        -0.87422E+00
         0.36500E+02        -0.56495E+00        -0.56495E+00        -0.56496E+00        -0.87618E+00
         0.36550E+02        -0.56487E+00        -0.56487E+00        -0.56488E+00        -0.87811E+00
         0.36600E+02        -0.56479E+00        -0.56479E+00        -0.56481E+00        -0.88000E+00
         0.36650E+02        -0.56472E+00        -0.56472E+00        -0.56473E+00        -0.88186E+00
         0.36700E+02        -0.56464E+00        -0.56464E+00        -0.56465E+00        -0.88369E+00
         0.36750E+02        -0.56456E+00        -0.56456E+00        -0.56457E+00        -0.88548E+00
         0.36800E+02        -0.56448E+00        -0.56448E+00        -0.56449E+00        -0.88725E+00
         0.36850E+02        -0.56440E+00        -0.56440E+00        -0.56442E+00        -0.88899E+00
         0.36900E+02        -0.56433E+00        -0.56433E+00        -0.56434E+00        -0.89070E+00
         0.36950E+02        -0.56425E+00        -0.56425E+00        -0.56426E+00        -0.89237E+00
         0.37000E+02        -0.56417E+00        -0.56417E+00        -0.56418E+00        -0.89402E+00
         0.37050E+02        -0.56409E+00        -0.56409E+00        -0.56410E+00        -0.89565E+00
         0.37100E+02        -0.56401E+00        -0.56401E+00        -0.56403E+00        -0.89724E+00
         0.37150E+02        -0.56394E+00        -0.56394E+00        -0.56395E+00        -0.89881E+00
         0.37200E+02        -0.56386E+00        -0.56386E+00        -0.56387E+00        -0.90036E+00
         0.37250E+02        -0.56378E+00        -0.56378E+00        -0.56379E+00        -0.90187E+00
         0.37300E+02        -0.56370E+00        -0.56370E+00        -0.56372E+00        -0.90337E+00
         0.37350E+02        -0.56363E+00        -0.56363E+00        -0.56364E+00        -0.90484E+00
         0.37400E+02        -0.56355E+00        -0.56355E+00        -0.56356E+00        -0.90628E+00
         0.37450E+02        -0.56347E+00        -0.56347E+00        -0.56348E+00        -0.90771E+00
         0.37500E+02        -0.56339E+00        -0.56340E+00        -0.56341E+00        -0.90910E+00
         0.37550E+02        -0.56332E+00        -0.56332E+00        -0.56333E+00        -0.91048E+00
         0.37600E+02        -0.56324E+00        -0.56324E+00        -0.56325E+00        -0.91184E+00
         0.37650E+02        -0.56316E+00        -0.56316E+00        -0.56318E+00        -0.91317E+00
         0.37700E+02        -0.56309E+00        -0.56309E+00        -0.56310E+00        -0.91449E+00
         0.37750E+02        -0.56301E+00        -0.56301E+00        -0.56302E+00        -0.91578E+00
         0.37800E+02        -0.56293E+00        -0.56293E+00        -0.56295E+00        -0.91705E+00
         0.37850E+02        -0.56286E+00        -0.56286E+00        -0.56287E+00        -0.91830E+00
         0.37900E+02        -0.56278E+00        -0.56278E+00        -0.56279E+00        -0.91954E+00
         0.37950E+02        -0.56270E+00        -0.56270E+00        -0.56272E+00        -0.92075E+00
         0.38000E+02        -0.56263E+00        -0.56263E+00        -0.56264E+00        -0.92195E+00
         0.38050E+02        -0.56255E+00        -0.56255E+00        -0.56256E+00        -0.92313E+00
         0.38100E+02        -0.56247E+00        -0.56247E+00        -0.56249E+00        -0.92429E+00
         0.38150E+02        -0.56240E+00        -0.56240E+00        -0.56241E+00        -0.92544E+00
         0.38200E+02        -0.56232E+00        -0.56232E+00        -0.56233E+00        -0.92657E+00
         0.38250E+02        -0.56224E+00        -0.56224E+00        -0.56226E+00        -0.92768E+00
         0.38300E+02        -0.56217E+00        -0.56217E+00        -0.56218E+00        -0.92877E+00
         0.38350E+02        -0.56209E+00        -0.56209E+00        -0.56210E+00        -0.92985E+00
         0.38400E+02        -0.56201E+00        -0.56201E+00        -0.56202E+00        -0.93092E+00
         0.38450E+02        -0.56193E+00        -0.56193E+00        -0.56195E+00        -0.93196E+00
         0.38500E+02        -0.56186E+00        -0.56186E+00        -0.56187E+00        -0.93300E+00
         0.38550E+02        -0.56178E+00        -0.56178E+00        -0.56179E+00        -0.93402E+00
         0.38600E+02        -0.56170E+00        -0.56170E+00        -0.56171E+00        -0.93502E+00
         0.38650E+02        -0.56162E+00        -0.56162E+00        -0.56163E+00        -0.93601E+00
         0.38700E+02        -0.56154E+00        -0.56154E+00        -0.56155E+00        -0.93699E+00
         0.38750E+02        -0.56146E+00        -0.56146E+00        -0.56147E+00        -0.93795E+00
         0.38800E+02        -0.56138E+00        -0.56138E+00        -0.56139E+00        -0.93891E+00
         0.38850E+02        -0.56130E+00        -0.56130E+00        -0.56131E+00        -0.93984E+00
         0.38900E+02        -0.56122E+00        -0.56122E+00        -0.56123E+00        -0.94077E+00
         0.38950E+02        -0.56114E+00        -0.56114E+00        -0.56115E+00        -0.94168E+00
         0.39000E+02        -0.56106E+00        -0.56106E+00        -0.56107E+00        -0.94258E+00
         0.39050E+02        -0.56097E+00        -0.56097E+00        -0.56098E+00        -0.94347E+00
         0.39100E+02        -0.56089E+00        -0.56089E+00        -0.56090E+00        -0.94434E+00
         0.39150E+02        -0.56080E+00        -0.56081E+00        -0.56081E+00        -0.94521E+00
         0.39200E+02        -0.56072E+00        -0.56072E+00        -0.56073E+00        -0.94606E+00
         0.39250E+02        -0.56063E+00        -0.56063E+00        -0.56064E+00        -0.94690E+00
         0.39300E+02        -0.56055E+00        -0.56055E+00        -0.56056E+00        -0.94773E+00
         0.39350E+02        -0.56046E+00        -0.56046E+00        -0.56047E+00        -0.94855E+00
         0.39400E+02        -0.56037E+00        -0.56037E+00        -0.56038E+00        -0.94936E+00
         0.39450E+02        -0.56028E+00        -0.56028E+00        -0.56029E+00        -0.95016E+00
         0.39500E+02        -0.56019E+00        -0.56019E+00        -0.56020E+00        -0.95094E+00
         0.39550E+02        -0.56009E+00        -0.56010E+00        -0.56010E+00        -0.95172E+00
         0.39600E+02        -0.56000E+00        -0.56000E+00        -0.56001E+00        -0.95249E+00
         0.39650E+02        -0.55990E+00        -0.55991E+00        -0.55991E+00        -0.95324E+00
         0.39700E+02        -0.55981E+00        -0.55981E+00        -0.55982E+00        -0.95399E+00
         0.39750E+02        -0.55971E+00        -0.55971E+00        -0.55972E+00        -0.95472E+00
         0.39800E+02        -0.55961E+00        -0.55961E+00        -0.55962E+00        -0.95545E+00
         0.39850E+02        -0.55951E+00        -0.55951E+00        -0.55952E+00        -0.95617E+00
         0.39900E+02        -0.55940E+00        -0.55940E+00        -0.55941E+00        -0.95688E+00
         0.39950E+02        -0.55930E+00        -0.55930E+00        -0.55931E+00        -0.95757E+00
         0.40000E+02        -0.55919E+00        -0.55919E+00        -0.55920E+00        -0.95826E+00
         0.40050E+02        -0.55908E+00        -0.55908E+00        -0.55909E+00        -0.95894E+00
         0.40100E+02        -0.55897E+00        -0.55897E+00        -0.55898E+00        -0.95961E+00
         0.40150E+02        -0.55885E+00        -0.55885E+00        -0.55886E+00        -0.96027E+00
         0.40200E+02        -0.55874E+00        -0.55874E+00        -0.55874E+00        -0.96093E+00
         0.40250E+02        -0.55862E+00        -0.55862E+00        -0.55862E+00        -0.96157E+00
         0.40300E+02        -0.55849E+00        -0.55849E+00        -0.55850E+00        -0.96221E+00
         0.40350E+02        -0.55837E+00        -0.55837E+00        -0.55837E+00        -0.96283E+00
         0.40400E+02        -0.55824E+00        -0.55824E+00        -0.55824E+00        -0.96345E+00
         0.40450E+02        -0.55810E+00        -0.55810E+00        -0.55811E+00        -0.96406E+00
         0.40500E+02        -0.55797E+00        -0.55797E+00        -0.55797E+00        -0.96466E+00
         0.40550E+02        -0.55782E+00        -0.55783E+00        -0.55783E+00        -0.96525E+00
         0.40600E+02        -0.55768E+00        -0.55768E+00        -0.55769E+00        -0.96584E+00
         0.40650E+02        -0.55753E+00        -0.55753E+00        -0.55754E+00        -0.96642E+00
         0.40700E+02        -0.55737E+00        -0.55737E+00        -0.55738E+00        -0.96698E+00
         0.40750E+02        -0.55721E+00        -0.55721E+00        -0.55722E+00        -0.96754E+00
         0.40800E+02        -0.55705E+00        -0.55705E+00        -0.55705E+00        -0.96810E+00
         0.40850E+02        -0.55687E+00        -0.55687E+00        -0.55688E+00        -0.96864E+00
         0.40900E+02        -0.55670E+00        -0.55670E+00        -0.55670E+00        -0.96918E+00
         0.40950E+02        -0.55651E+00        -0.55651E+00        -0.55652E+00        -0.96971E+00
         0.41000E+02        -0.55632E+00        -0.55632E+00        -0.55632E+00        -0.97023E+00
         0.41050E+02        -0.55611E+00        -0.55612E+00        -0.55612E+00        -0.97074E+00
         0.41100E+02        -0.55590E+00        -0.55591E+00        -0.55591E+00        -0.97125E+00
         0.41150E+02        -0.55569E+00        -0.55569E+00        -0.55569E+00        -0.97175E+00
         0.41200E+02        -0.55546E+00        -0.55546E+00        -0.55547E+00        -0.97224E+00
         0.41250E+02        -0.55523E+00        -0.55523E+00        -0.55523E+00        -0.97273E+00
         0.41300E+02        -0.55498E+00        -0.55499E+00        -0.55499E+00        -0.97321E+00
         0.41350E+02        -0.55474E+00        -0.55474E+00        -0.55475E+00        -0.97368E+00
         0.41400E+02        -0.55449E+00        -0.55450E+00        -0.55450E+00        -0.97414E+00
         0.41450E+02        -0.55426E+00        -0.55426E+00        -0.55427E+00        -0.97459E+00
         0.41500E+02        -0.55405E+00        -0.55405E+00        -0.55406E+00        -0.97503E+00
         0.41550E+02        -0.55390E+00        -0.55390E+00        -0.55390E+00        -0.97546E+00
         0.41600E+02        -0.55386E+00        -0.55386E+00        -0.55387E+00        -0.97586E+00
         0.41650E+02        -0.55406E+00        -0.55406E+00        -0.55406E+00        -0.97623E+00
         0.41700E+02        -0.55472E+00        -0.55472E+00        -0.55473E+00        -0.97652E+00
         0.41750E+02        -0.55639E+00        -0.55639E+00        -0.55639E+00        -0.97668E+00
         0.41800E+02        -0.56025E+00        -0.56025E+00        -0.56026E+00        -0.97653E+00
         0.41850E+02        -0.56906E+00        -0.56906E+00        -0.56908E+00        -0.97574E+00
         0.41900E+02        -0.58754E+00        -0.58754E+00        -0.58756E+00        -0.97391E+00
         0.41950E+02        -0.61274E+00        -0.61274E+00        -0.61276E+00        -0.97199E+00
         0.42000E+02        -0.61929E+00        -0.61929E+00        -0.61930E+00        -0.97227E+00
         0.42050E+02        -0.60619E+00        -0.60619E+00        -0.60619E+00        -0.97393E+00
         0.42100E+02        -0.59256E+00        -0.59256E+00        -0.59256E+00        -0.97548E+00
         0.42150E+02        -0.58314E+00        -0.58314E+00        -0.58314E+00        -0.97665E+00
         0.42200E+02        -0.57692E+00        -0.57692E+00        -0.57692E+00        -0.97755E+00
         0.42250E+02        -0.57268E+00        -0.57268E+00        -0.57268E+00        -0.97825E+00
         0.42300E+02        -0.56965E+00        -0.56965E+00        -0.56965E+00        -0.97884E+00
         0.42350E+02        -0.56740E+00        -0.56740E+00        -0.56741E+00        -0.97935E+00
         0.42400E+02        -0.56567E+00        -0.56567E+00        -0.56567E+00        -0.97980E+00
         0.42450E+02        -0.56428E+00        -0.56428E+00        -0.56428E+00        -0.98021E+00
         0.42500E+02        -0.56314E+00        -0.56314E+00        -0.56314E+00        -0.98058E+00
         0.42550E+02        -0.56218E+00        -0.56218E+00        -0.56218E+00        -0.98093E+00
         0.42600E+02        -0.56136E+00        -0.56136E+00        -0.56136E+00        -0.98126E+00
         0.42650E+02        -0.56064E+00        -0.56064E+00        -0.56064E+00        -0.98157E+00
         0.42700E+02        -0.56000E+00        -0.56000E+00        -0.56000E+00        -0.98186E+00
         0.42750E+02        -0.55942E+00        -0.55942E+00        -0.55942E+00        -0.98214E+00
         0.42800E+02        -0.55889E+00        -0.55889E+00        -0.55889E+00        -0.98240E+00
         0.42850E+02        -0.55840E+00        -0.55840E+00        -0.55840E+00        -0.98265E+00
         0.42900E+02        -0.55794E+00        -0.55794E+00        -0.55794E+00        -0.98290E+00
         0.42950E+02        -0.55751E+00        -0.55751E+00        -0.55751E+00        -0.98313E+00
         0.43000E+02        -0.55710E+00        -0.55710E+00        -0.55710E+00        -0.98335E+00
         0.43050E+02        -0.55671E+00        -0.55671E+00        -0.55671E+00        -0.98356E+00
         0.43100E+02        -0.55633E+00        -0.55633E+00        -0.55633E+00        -0.98376E+00
         0.43150E+02        -0.55596E+00        -0.55596E+00        -0.55596E+00        -0.98395E+00
         0.43200E+02        -0.55561E+00        -0.55561E+00        -0.55561E+00        -0.98414E+00
         0.43250E+02        -0.55526E+00        -0.55526E+00        -0.55526E+00        -0.98431E+00
         0.43300E+02        -0.55491E+00        -0.55492E+00        -0.55492E+00        -0.98448E+00
         0.43350E+02        -0.55458E+00        -0.55458E+00        -0.55458E+00        -0.98464E+00
         0.43400E+02        -0.55424E+00        -0.55424E+00        -0.55424E+00        -0.98479E+00
         0.43450E+02        -0.55391E+00        -0.55391E+00        -0.55391E+00        -0.98493E+00
         0.43500E+02        -0.55358E+00        -0.55358E+00        -0.55358E+00        -0.98507E+00
         0.43550E+02        -0.55325E+00        -0.55325E+00        -0.55325E+00        -0.98520E+00
         0.43600E+02        -0.55293E+00        -0.55293E+00        -0.55293E+00        -0.98532E+00

