         0.13650E+02        -0.10847E+00        -0.10847E+00        -0.10849E+00         0.00000E+00
         0.13700E+02        -0.85073E-01        -0.85073E-01        -0.85096E-01         0.00000E+00
         0.13750E+02        -0.62691E-01        -0.62691E-01        -0.62714E-01         0.00000E+00
         0.13800E+02        -0.41034E-01        -0.41034E-01        -0.41057E-01         0.00000E+00
         0.13850E+02        -0.19986E-01        -0.19986E-01        -0.20008E-01         0.00000E+00
         0.13900E+02         0.51770E-03         0.51776E-03         0.49560E-03         0.00000E+00
         0.13950E+02         0.20517E-01         0.20517E-01         0.20495E-01         0.00000E+00
         0.14000E+02         0.40042E-01         0.40042E-01         0.40021E-01         0.00000E+00
         0.14050E+02         0.59116E-01         0.59116E-01         0.59096E-01         0.00000E+00
         0.14100E+02         0.77759E-01         0.77759E-01         0.77739E-01         0.00000E+00
         0.14150E+02         0.95987E-01         0.95987E-01         0.95968E-01         0.00000E+00
         0.14200E+02         0.11382E+00         0.11382E+00         0.11380E+00         0.00000E+00
         0.14250E+02         0.13126E+00         0.13126E+00         0.13124E+00         0.00000E+00
         0.14300E+02         0.14832E+00         0.14832E+00         0.14831E+00         0.00000E+00
         0.14350E+02         0.16503E+00         0.16503E+00         0.16501E+00         0.00000E+00
         0.14400E+02         0.18138E+00         0.18138E+00         0.18136E+00         0.00000E+00
         0.14450E+02         0.19739E+00         0.19739E+00         0.19737E+00         0.00000E+00
         0.14500E+02         0.21306E+00         0.21306E+00         0.21305E+00         0.00000E+00
         0.14550E+02         0.22842E+00         0.22842E+00         0.22840E+00         0.00000E+00
         0.14600E+02         0.24346E+00         0.24346E+00         0.24344E+00         0.00000E+00
         0.14650E+02         0.25819E+00         0.25819E+00         0.25818E+00         0.00000E+00
         0.14700E+02         0.27262E+00         0.27262E+00         0.27261E+00         0.00000E+00
         0.14750E+02         0.28677E+00         0.28677E+00         0.28676E+00         0.00000E+00
         0.14800E+02         0.30063E+00         0.30063E+00         0.30062E+00         0.00000E+00
         0.14850E+02         0.31422E+00         0.31422E+00         0.31421E+00         0.00000E+00
         0.14900E+02         0.32754E+00         0.32754E+00         0.32753E+00         0.00000E+00
         0.14950E+02         0.34060E+00         0.34060E+00         0.34059E+00         0.00000E+00
         0.15000E+02         0.35340E+00         0.35340E+00         0.35339E+00         0.00000E+00
         0.15050E+02         0.36596E+00         0.36596E+00         0.36595E+00         0.00000E+00
         0.15100E+02         0.37828E+00         0.37828E+00         0.37827E+00         0.00000E+00
         0.15150E+02         0.39036E+00         0.39036E+00         0.39036E+00         0.00000E+00
         0.15200E+02         0.40222E+00         0.40222E+00         0.40221E+00         0.00000E+00
         0.15250E+02         0.41385E+00         0.41385E+00         0.41384E+00         0.00000E+00
         0.15300E+02         0.42527E+00         0.42527E+00         0.42526E+00         0.00000E+00
         0.15350E+02         0.43647E+00         0.43647E+00         0.43647E+00         0.00000E+00
         0.15400E+02         0.44747E+00         0.44747E+00         0.44747E+00         0.00000E+00
         0.15450E+02         0.45827E+00         0.45827E+00         0.45827E+00         0.00000E+00
         0.15500E+02         0.46888E+00         0.46888E+00         0.46887E+00         0.00000E+00
         0.15550E+02         0.47929E+00         0.47929E+00         0.47929E+00         0.00000E+00
         0.15600E+02         0.48952E+00         0.48952E+00         0.48952E+00         0.00000E+00
         0.15650E+02         0.49957E+00         0.49957E+00         0.49957E+00         0.00000E+00
         0.15700E+02         0.50945E+00         0.50945E+00         0.50944E+00         0.00000E+00
         0.15750E+02         0.51915E+00         0.51915E+00         0.51914E+00         0.00000E+00
         0.15800E+02         0.52869E+00         0.52868E+00         0.52868E+00         0.00000E+00
         0.15850E+02         0.53806E+00         0.53806E+00         0.53805E+00         0.00000E+00
         0.15900E+02         0.54727E+00         0.54727E+00         0.54727E+00         0.00000E+00
         0.15950E+02         0.55634E+00         0.55633E+00         0.55633E+00         0.00000E+00
         0.16000E+02         0.56525E+00         0.56525E+00         0.56524E+00         0.00000E+00
         0.16050E+02         0.57401E+00         0.57401E+00         0.57400E+00         0.00000E+00
         0.16100E+02         0.58263E+00         0.58263E+00         0.58262E+00         0.00000E+00
         0.16150E+02         0.59111E+00         0.59111E+00         0.59111E+00         0.00000E+00
         0.16200E+02         0.59946E+00         0.59946E+00         0.59945E+00         0.00000E+00
         0.16250E+02         0.60767E+00         0.60767E+00         0.60766E+00         0.00000E+00
         0.16300E+02         0.61575E+00         0.61575E+00         0.61575E+00         0.00000E+00
         0.16350E+02         0.62371E+00         0.62371E+00         0.62371E+00         0.00000E+00
         0.16400E+02         0.63155E+00         0.63155E+00         0.63154E+00         0.00000E+00
         0.16450E+02         0.63926E+00         0.63926E+00         0.63925E+00         0.00000E+00
         0.16500E+02         0.64686E+00         0.64686E+00         0.64685E+00         0.00000E+00
         0.16550E+02         0.65434E+00         0.65434E+00         0.65433E+00         0.00000E+00
         0.16600E+02         0.66171E+00         0.66171E+00         0.66170E+00         0.00000E+00
         0.16650E+02         0.66897E+00         0.66897E+00         0.66896E+00         0.00000E+00
         0.16700E+02         0.67612E+00         0.67612E+00         0.67612E+00         0.00000E+00
         0.16750E+02         0.68317E+00         0.68317E+00         0.68317E+00         0.00000E+00
         0.16800E+02         0.69012E+00         0.69012E+00         0.69011E+00         0.00000E+00
         0.16850E+02         0.69697E+00         0.69697E+00         0.69696E+00         0.00000E+00
         0.16900E+02         0.70372E+00         0.70372E+00         0.70371E+00         0.00000E+00
         0.16950E+02         0.71037E+00         0.71037E+00         0.71036E+00         0.00000E+00
         0.17000E+02         0.71693E+00         0.71693E+00         0.71692E+00         0.00000E+00
         0.17050E+02         0.72340E+00         0.72340E+00         0.72339E+00         0.00000E+00
         0.17100E+02         0.72978E+00         0.72978E+00         0.72977E+00         0.00000E+00
         0.17150E+02         0.73607E+00         0.73607E+00         0.73606E+00         0.00000E+00
         0.17200E+02         0.74227E+00         0.74227E+00         0.74227E+00         0.00000E+00
         0.17250E+02         0.74839E+00         0.74839E+00         0.74839E+00         0.00000E+00
         0.17300E+02         0.75443E+00         0.75443E+00         0.75443E+00         0.00000E+00
         0.17350E+02         0.76039E+00         0.76039E+00         0.76038E+00         0.00000E+00
         0.17400E+02         0.76627E+00         0.76627E+00         0.76626E+00         0.00000E+00
         0.17450E+02         0.77206E+00         0.77206E+00         0.77206E+00         0.00000E+00
         0.17500E+02         0.77779E+00         0.77779E+00         0.77778E+00         0.00000E+00
         0.17550E+02         0.78343E+00         0.78343E+00         0.78342E+00         0.00000E+00
         0.17600E+02         0.78900E+00         0.78900E+00         0.78900E+00         0.00000E+00
         0.17650E+02         0.79450E+00         0.79450E+00         0.79450E+00         0.00000E+00
         0.17700E+02         0.79993E+00         0.79993E+00         0.79992E+00         0.00000E+00
         0.17750E+02         0.80529E+00         0.80529E+00         0.80528E+00         0.00000E+00
         0.17800E+02         0.81058E+00         0.81057E+00         0.81057E+00         0.00000E+00
         0.17850E+02         0.81579E+00         0.81579E+00         0.81579E+00         0.00000E+00
         0.17900E+02         0.82095E+00         0.82095E+00         0.82094E+00         0.00000E+00
         0.17950E+02         0.82603E+00         0.82603E+00         0.82603E+00         0.00000E+00
         0.18000E+02         0.83105E+00         0.83105E+00         0.83105E+00         0.00000E+00
         0.18050E+02         0.83601E+00         0.83601E+00         0.83601E+00         0.00000E+00
         0.18100E+02         0.84091E+00         0.84090E+00         0.84090E+00         0.00000E+00
         0.18150E+02         0.84574E+00         0.84574E+00         0.84573E+00         0.00000E+00
         0.18200E+02         0.85051E+00         0.85051E+00         0.85050E+00         0.00000E+00
         0.18250E+02         0.85522E+00         0.85522E+00         0.85521E+00         0.00000E+00
         0.18300E+02         0.85987E+00         0.85987E+00         0.85986E+00         0.00000E+00
         0.18350E+02         0.86446E+00         0.86446E+00         0.86445E+00         0.00000E+00
         0.18400E+02         0.86899E+00         0.86899E+00         0.86898E+00         0.00000E+00
         0.18450E+02         0.87346E+00         0.87346E+00         0.87346E+00         0.00000E+00
         0.18500E+02         0.87788E+00         0.87788E+00         0.87788E+00         0.00000E+00
         0.18550E+02         0.88225E+00         0.88225E+00         0.88224E+00         0.00000E+00
         0.18600E+02         0.88655E+00         0.88655E+00         0.88655E+00         0.00000E+00
         0.18650E+02         0.89081E+00         0.89081E+00         0.89080E+00         0.00000E+00
         0.18700E+02         0.89500E+00         0.89500E+00         0.89500E+00         0.00000E+00
         0.18750E+02         0.89915E+00         0.89915E+00         0.89915E+00         0.00000E+00
         0.18800E+02         0.90324E+00         0.90324E+00         0.90324E+00         0.00000E+00
         0.18850E+02         0.90729E+00         0.90729E+00         0.90728E+00         0.00000E+00
         0.18900E+02         0.91128E+00         0.91128E+00         0.91127E+00         0.00000E+00
         0.18950E+02         0.91522E+00         0.91522E+00         0.91521E+00         0.00000E+00
         0.19000E+02         0.91911E+00         0.91911E+00         0.91910E+00         0.00000E+00
         0.19050E+02         0.92295E+00         0.92295E+00         0.92295E+00         0.00000E+00
         0.19100E+02         0.92674E+00         0.92674E+00         0.92674E+00         0.00000E+00
         0.19150E+02         0.93049E+00         0.93049E+00         0.93049E+00         0.00000E+00
         0.19200E+02         0.93419E+00         0.93419E+00         0.93419E+00         0.00000E+00
         0.19250E+02         0.93784E+00         0.93784E+00         0.93784E+00         0.00000E+00
         0.19300E+02         0.94145E+00         0.94145E+00         0.94145E+00         0.00000E+00
         0.19350E+02         0.94501E+00         0.94501E+00         0.94501E+00         0.00000E+00
         0.19400E+02         0.94853E+00         0.94853E+00         0.94853E+00         0.00000E+00
         0.19450E+02         0.95201E+00         0.95201E+00         0.95201E+00         0.00000E+00
         0.19500E+02         0.95545E+00         0.95545E+00         0.95545E+00         0.00000E+00
         0.19550E+02         0.95884E+00         0.95884E+00         0.95884E+00         0.00000E+00
         0.19600E+02         0.96220E+00         0.96220E+00         0.96220E+00         0.00000E+00
         0.19650E+02         0.96552E+00         0.96552E+00         0.96552E+00         0.00000E+00
         0.19700E+02         0.96880E+00         0.96880E+00         0.96880E+00         0.00000E+00
         0.19750E+02         0.97205E+00         0.97205E+00         0.97205E+00         0.00000E+00
         0.19800E+02         0.97526E+00         0.97526E+00         0.97526E+00         0.00000E+00
         0.19850E+02         0.97844E+00         0.97844E+00         0.97844E+00         0.00000E+00
         0.19900E+02         0.98160E+00         0.98160E+00         0.98160E+00         0.00000E+00
         0.19950E+02         0.98472E+00         0.98472E+00         0.98472E+00         0.00000E+00
         0.20000E+02         0.98782E+00         0.98782E+00         0.98782E+00         0.00000E+00
         0.20050E+02         0.99090E+00         0.99090E+00         0.99090E+00         0.00000E+00
         0.20100E+02         0.99396E+00         0.99396E+00         0.99396E+00         0.00000E+00
         0.20150E+02         0.99701E+00         0.99701E+00         0.99701E+00         0.00000E+00
         0.20200E+02         0.10000E+01         0.10000E+01         0.10001E+01         0.00000E+00
         0.20250E+02         0.10031E+01         0.10031E+01         0.10031E+01         0.00000E+00
         0.20300E+02         0.10061E+01         0.10061E+01         0.10061E+01         0.00000E+00
         0.20350E+02         0.10092E+01         0.10092E+01         0.10092E+01         0.00000E+00
         0.20400E+02         0.10123E+01         0.10123E+01         0.10123E+01         0.00000E+00
         0.20450E+02         0.10154E+01         0.10154E+01         0.10154E+01         0.00000E+00
         0.20500E+02         0.10186E+01         0.10186E+01         0.10186E+01         0.00000E+00
         0.20550E+02         0.10219E+01         0.10219E+01         0.10219E+01         0.00000E+00
         0.20600E+02         0.10252E+01         0.10252E+01         0.10253E+01         0.00000E+00
         0.20650E+02         0.10288E+01         0.10288E+01         0.10288E+01         0.00000E+00
         0.20700E+02         0.10326E+01         0.10326E+01         0.10326E+01         0.00000E+00
         0.20750E+02         0.10368E+01         0.10368E+01         0.10368E+01         0.00000E+00
         0.20800E+02         0.10416E+01         0.10416E+01         0.10416E+01         0.00000E+00
         0.20850E+02         0.10472E+01         0.10472E+01         0.10472E+01         0.00000E+00
         0.20900E+02         0.10545E+01         0.10545E+01         0.10545E+01         0.00000E+00
         0.20950E+02         0.10647E+01         0.10647E+01         0.10647E+01         0.00000E+00
         0.21000E+02         0.10822E+01         0.10822E+01         0.10821E+01         0.00000E+00
         0.21050E+02         0.11247E+01         0.11247E+01         0.11246E+01         0.00000E+00
         0.21100E+02         0.14954E+01         0.14954E+01         0.14907E+01         0.00000E+00
         0.21150E+02         0.90857E+00         0.90857E+00         0.90850E+00         0.00000E+00
         0.21200E+02         0.98382E+00         0.98382E+00         0.98382E+00         0.00000E+00
         0.21250E+02         0.10073E+01         0.10073E+01         0.10073E+01         0.00000E+00
         0.21300E+02         0.10197E+01         0.10197E+01         0.10197E+01         0.00000E+00
         0.21350E+02         0.10280E+01         0.10280E+01         0.10280E+01         0.00000E+00
         0.21400E+02         0.10344E+01         0.10344E+01         0.10344E+01         0.00000E+00
         0.21450E+02         0.10398E+01         0.10398E+01         0.10398E+01         0.00000E+00
         0.21500E+02         0.10447E+01         0.10447E+01         0.10448E+01         0.00000E+00
         0.21550E+02         0.10495E+01         0.10495E+01         0.10495E+01         0.00000E+00
         0.21600E+02         0.10543E+01         0.10543E+01         0.10543E+01         0.00000E+00
         0.21650E+02         0.10594E+01         0.10594E+01         0.10594E+01         0.00000E+00
         0.21700E+02         0.10645E+01         0.10645E+01         0.10646E+01         0.00000E+00
         0.21750E+02         0.10612E+01         0.10612E+01         0.10612E+01         0.00000E+00
         0.21800E+02         0.39044E+00         0.39042E+00         0.38633E+00         0.00000E+00
         0.21850E+02         0.94583E+00         0.94583E+00         0.94604E+00         0.00000E+00
         0.21900E+02         0.10203E+01         0.10203E+01         0.10203E+01         0.00000E+00
         0.21950E+02         0.10406E+01         0.10406E+01         0.10406E+01         0.00000E+00
         0.22000E+02         0.10514E+01         0.10514E+01         0.10514E+01         0.00000E+00
         0.22050E+02         0.10595E+01         0.10595E+01         0.10595E+01         0.00000E+00
         0.22100E+02         0.10671E+01         0.10671E+01         0.10671E+01         0.00000E+00
         0.22150E+02         0.10760E+01         0.10760E+01         0.10760E+01         0.00000E+00
         0.22200E+02         0.10903E+01         0.10903E+01         0.10903E+01         0.00000E+00
         0.22250E+02         0.11369E+01         0.11369E+01         0.11369E+01         0.00000E+00
         0.22300E+02         0.94667E+00         0.94667E+00         0.94661E+00         0.00000E+00
         0.22350E+02         0.10428E+01         0.10428E+01         0.10428E+01         0.00000E+00
         0.22400E+02         0.10629E+01         0.10629E+01         0.10629E+01         0.00000E+00
         0.22450E+02         0.10764E+01         0.10764E+01         0.10764E+01         0.00000E+00
         0.22500E+02         0.88648E+00         0.88648E+00         0.88588E+00         0.00000E+00
         0.22550E+02         0.99998E+00         0.99998E+00         0.10001E+01         0.00000E+00
         0.22600E+02         0.10513E+01         0.10513E+01         0.10513E+01         0.00000E+00
         0.22650E+02         0.10701E+01         0.10701E+01         0.10701E+01         0.00000E+00
         0.22700E+02         0.10924E+01         0.10924E+01         0.10924E+01         0.00000E+00
         0.22750E+02         0.92449E+00         0.92449E+00         0.92441E+00         0.00000E+00
         0.22800E+02         0.10718E+01         0.10718E+01         0.10718E+01         0.00000E+00
         0.22850E+02         0.57885E+00         0.57886E+00         0.58005E+00         0.00000E+00
         0.22900E+02         0.10568E+01         0.10568E+01         0.10568E+01         0.00000E+00
         0.22950E+02         0.10953E+01         0.10953E+01         0.10953E+01         0.00000E+00
         0.23000E+02         0.10706E+01         0.10706E+01         0.10706E+01         0.00000E+00
         0.23050E+02         0.10410E+01         0.10410E+01         0.10410E+01         0.00000E+00
         0.23100E+02         0.11683E+01         0.11683E+01         0.11683E+01         0.00000E+00
         0.23150E+02         0.10379E+01         0.10379E+01         0.10380E+01         0.00000E+00
         0.23200E+02         0.10849E+01         0.10849E+01         0.10849E+01         0.00000E+00
         0.23250E+02         0.10859E+01         0.10859E+01         0.10859E+01         0.00000E+00
         0.23300E+02         0.10808E+01         0.10808E+01         0.10808E+01         0.00000E+00
         0.23350E+02         0.10565E+01         0.10565E+01         0.10565E+01         0.00000E+00
         0.23400E+02         0.10917E+01         0.10917E+01         0.10917E+01         0.00000E+00
         0.23450E+02         0.10492E+01         0.10492E+01         0.10492E+01         0.83233E+00
         0.23500E+02         0.10494E+01         0.10494E+01         0.10494E+01         0.81797E+00
         0.23550E+02         0.10496E+01         0.10496E+01         0.10496E+01         0.80786E+00
         0.23600E+02         0.10497E+01         0.10497E+01         0.10497E+01         0.79948E+00
         0.23650E+02         0.10499E+01         0.10499E+01         0.10499E+01         0.79215E+00
         0.23700E+02         0.10501E+01         0.10501E+01         0.10501E+01         0.78557E+00
         0.23750E+02         0.10503E+01         0.10503E+01         0.10503E+01         0.77957E+00
         0.23800E+02         0.10505E+01         0.10505E+01         0.10505E+01         0.77404E+00
         0.23850E+02         0.10507E+01         0.10507E+01         0.10507E+01         0.76892E+00
         0.23900E+02         0.10509E+01         0.10509E+01         0.10509E+01         0.76415E+00
         0.23950E+02         0.10511E+01         0.10511E+01         0.10511E+01         0.75969E+00
         0.24000E+02         0.10514E+01         0.10514E+01         0.10514E+01         0.75551E+00
         0.24050E+02         0.10516E+01         0.10516E+01         0.10516E+01         0.75158E+00
         0.24100E+02         0.10519E+01         0.10519E+01         0.10519E+01         0.74790E+00
         0.24150E+02         0.10521E+01         0.10521E+01         0.10521E+01         0.74443E+00
         0.24200E+02         0.10524E+01         0.10524E+01         0.10524E+01         0.74117E+00
         0.24250E+02         0.10527E+01         0.10527E+01         0.10527E+01         0.73811E+00
         0.24300E+02         0.10530E+01         0.10530E+01         0.10530E+01         0.73523E+00
         0.24350E+02         0.10533E+01         0.10533E+01         0.10533E+01         0.73253E+00
         0.24400E+02         0.10536E+01         0.10536E+01         0.10536E+01         0.73000E+00
         0.24450E+02         0.10540E+01         0.10540E+01         0.10540E+01         0.72763E+00
         0.24500E+02         0.10543E+01         0.10543E+01         0.10543E+01         0.72542E+00
         0.24550E+02         0.10547E+01         0.10547E+01         0.10547E+01         0.72336E+00
         0.24600E+02         0.10550E+01         0.10550E+01         0.10550E+01         0.72144E+00
         0.24650E+02         0.10554E+01         0.10554E+01         0.10554E+01         0.71966E+00
         0.24700E+02         0.10558E+01         0.10558E+01         0.10558E+01         0.71802E+00
         0.24750E+02         0.10562E+01         0.10562E+01         0.10562E+01         0.71651E+00
         0.24800E+02         0.10566E+01         0.10566E+01         0.10566E+01         0.71512E+00
         0.24850E+02         0.10570E+01         0.10570E+01         0.10570E+01         0.71387E+00
         0.24900E+02         0.10575E+01         0.10575E+01         0.10575E+01         0.71273E+00
         0.24950E+02         0.10579E+01         0.10579E+01         0.10579E+01         0.71171E+00
         0.25000E+02         0.10584E+01         0.10584E+01         0.10584E+01         0.71080E+00
         0.25050E+02         0.10588E+01         0.10588E+01         0.10588E+01         0.71000E+00
         0.25100E+02         0.10593E+01         0.10593E+01         0.10593E+01         0.70932E+00
         0.25150E+02         0.10598E+01         0.10598E+01         0.10598E+01         0.70873E+00
         0.25200E+02         0.10603E+01         0.10603E+01         0.10603E+01         0.70825E+00
         0.25250E+02         0.10608E+01         0.10608E+01         0.10608E+01         0.70787E+00
         0.25300E+02         0.10613E+01         0.10613E+01         0.10613E+01         0.70759E+00
         0.25350E+02         0.10618E+01         0.10618E+01         0.10618E+01         0.70740E+00
         0.25400E+02         0.10623E+01         0.10623E+01         0.10623E+01         0.70730E+00
         0.25450E+02         0.10629E+01         0.10629E+01         0.10629E+01         0.70729E+00
         0.25500E+02         0.10634E+01         0.10634E+01         0.10634E+01         0.70737E+00
         0.25550E+02         0.10640E+01         0.10640E+01         0.10639E+01         0.70753E+00
         0.25600E+02         0.10645E+01         0.10645E+01         0.10645E+01         0.70778E+00
         0.25650E+02         0.10651E+01         0.10651E+01         0.10651E+01         0.70810E+00
         0.25700E+02         0.10656E+01         0.10656E+01         0.10656E+01         0.70850E+00
         0.25750E+02         0.10662E+01         0.10662E+01         0.10662E+01         0.70897E+00
         0.25800E+02         0.10668E+01         0.10668E+01         0.10668E+01         0.70951E+00
         0.25850E+02         0.10674E+01         0.10674E+01         0.10674E+01         0.71012E+00
         0.25900E+02         0.10680E+01         0.10680E+01         0.10680E+01         0.71079E+00
         0.25950E+02         0.10686E+01         0.10686E+01         0.10686E+01         0.71153E+00
         0.26000E+02         0.10692E+01         0.10692E+01         0.10692E+01         0.71233E+00
         0.26050E+02         0.10698E+01         0.10698E+01         0.10698E+01         0.71318E+00
         0.26100E+02         0.10704E+01         0.10704E+01         0.10704E+01         0.71409E+00
         0.26150E+02         0.10710E+01         0.10710E+01         0.10710E+01         0.71506E+00
         0.26200E+02         0.10716E+01         0.10716E+01         0.10716E+01         0.71607E+00
         0.26250E+02         0.10723E+01         0.10723E+01         0.10722E+01         0.71714E+00
         0.26300E+02         0.10729E+01         0.10729E+01         0.10729E+01         0.71824E+00
         0.26350E+02         0.10735E+01         0.10735E+01         0.10735E+01         0.71940E+00
         0.26400E+02         0.10742E+01         0.10742E+01         0.10741E+01         0.72059E+00
         0.26450E+02         0.10748E+01         0.10748E+01         0.10748E+01         0.72182E+00
         0.26500E+02         0.10754E+01         0.10754E+01         0.10754E+01         0.72309E+00
         0.26550E+02         0.10761E+01         0.10761E+01         0.10761E+01         0.72439E+00
         0.26600E+02         0.10767E+01         0.10767E+01         0.10767E+01         0.72572E+00
         0.26650E+02         0.10774E+01         0.10774E+01         0.10773E+01         0.72708E+00
         0.26700E+02         0.10780E+01         0.10780E+01         0.10780E+01         0.72847E+00
         0.26750E+02         0.10787E+01         0.10787E+01         0.10786E+01         0.72989E+00
         0.26800E+02         0.10793E+01         0.10793E+01         0.10793E+01         0.73133E+00
         0.26850E+02         0.10800E+01         0.10800E+01         0.10799E+01         0.73279E+00
         0.26900E+02         0.10806E+01         0.10806E+01         0.10806E+01         0.73428E+00
         0.26950E+02         0.10813E+01         0.10813E+01         0.10813E+01         0.73578E+00
         0.27000E+02         0.10819E+01         0.10819E+01         0.10819E+01         0.73730E+00
         0.27050E+02         0.10826E+01         0.10826E+01         0.10826E+01         0.73884E+00
         0.27100E+02         0.10832E+01         0.10832E+01         0.10832E+01         0.74039E+00
         0.27150E+02         0.10839E+01         0.10839E+01         0.10839E+01         0.74195E+00
         0.27200E+02         0.10845E+01         0.10845E+01         0.10845E+01         0.74352E+00
         0.27250E+02         0.10852E+01         0.10852E+01         0.10852E+01         0.74511E+00
         0.27300E+02         0.10858E+01         0.10858E+01         0.10858E+01         0.74671E+00
         0.27350E+02         0.10865E+01         0.10865E+01         0.10865E+01         0.74831E+00
         0.27400E+02         0.10871E+01         0.10871E+01         0.10871E+01         0.74993E+00
         0.27450E+02         0.10878E+01         0.10878E+01         0.10878E+01         0.75155E+00
         0.27500E+02         0.10884E+01         0.10884E+01         0.10884E+01         0.75318E+00
         0.27550E+02         0.10891E+01         0.10891E+01         0.10891E+01         0.75482E+00
         0.27600E+02         0.10897E+01         0.10897E+01         0.10897E+01         0.75646E+00
         0.27650E+02         0.10904E+01         0.10904E+01         0.10904E+01         0.75811E+00
         0.27700E+02         0.10910E+01         0.10910E+01         0.10910E+01         0.75976E+00
         0.27750E+02         0.10917E+01         0.10917E+01         0.10916E+01         0.76143E+00
         0.27800E+02         0.10923E+01         0.10923E+01         0.10923E+01         0.76310E+00
         0.27850E+02         0.10929E+01         0.10929E+01         0.10929E+01         0.76477E+00
         0.27900E+02         0.10936E+01         0.10936E+01         0.10935E+01         0.76646E+00
         0.27950E+02         0.10942E+01         0.10942E+01         0.10942E+01         0.76815E+00
         0.28000E+02         0.10948E+01         0.10948E+01         0.10948E+01         0.76985E+00
         0.28050E+02         0.10954E+01         0.10954E+01         0.10954E+01         0.77156E+00
         0.28100E+02         0.10961E+01         0.10961E+01         0.10961E+01         0.77328E+00
         0.28150E+02         0.10967E+01         0.10967E+01         0.10967E+01         0.77501E+00
         0.28200E+02         0.10973E+01         0.10973E+01         0.10973E+01         0.77675E+00
         0.28250E+02         0.10979E+01         0.10979E+01         0.10979E+01         0.77850E+00
         0.28300E+02         0.10985E+01         0.10985E+01         0.10985E+01         0.78028E+00
         0.28350E+02         0.10991E+01         0.10991E+01         0.10991E+01         0.78206E+00
         0.28400E+02         0.10997E+01         0.10997E+01         0.10997E+01         0.78387E+00
         0.28450E+02         0.11003E+01         0.11003E+01         0.11003E+01         0.78569E+00
         0.28500E+02         0.11009E+01         0.11009E+01         0.11009E+01         0.78753E+00
         0.28550E+02         0.11015E+01         0.11015E+01         0.11015E+01         0.78940E+00
         0.28600E+02         0.11021E+01         0.11021E+01         0.11021E+01         0.79129E+00
         0.28650E+02         0.11027E+01         0.11027E+01         0.11027E+01         0.79320E+00
         0.28700E+02         0.11033E+01         0.11033E+01         0.11033E+01         0.79515E+00
         0.28750E+02         0.11039E+01         0.11039E+01         0.11039E+01         0.79713E+00
         0.28800E+02         0.11045E+01         0.11045E+01         0.11044E+01         0.79913E+00
         0.28850E+02         0.11050E+01         0.11050E+01         0.11050E+01         0.80118E+00
         0.28900E+02         0.11056E+01         0.11056E+01         0.11056E+01         0.80326E+00
         0.28950E+02         0.11062E+01         0.11062E+01         0.11062E+01         0.80538E+00
         0.29000E+02         0.11067E+01         0.11067E+01         0.11067E+01         0.80754E+00
         0.29050E+02         0.11073E+01         0.11073E+01         0.11073E+01         0.80975E+00
         0.29100E+02         0.11078E+01         0.11078E+01         0.11078E+01         0.81200E+00
         0.29150E+02         0.11084E+01         0.11084E+01         0.11084E+01         0.81431E+00
         0.29200E+02         0.11089E+01         0.11089E+01         0.11089E+01         0.81667E+00
         0.29250E+02         0.11095E+01         0.11095E+01         0.11095E+01         0.81908E+00
         0.29300E+02         0.11100E+01         0.11100E+01         0.11100E+01         0.82155E+00
         0.29350E+02         0.11105E+01         0.11105E+01         0.11105E+01         0.82408E+00
         0.29400E+02         0.11111E+01         0.11111E+01         0.11110E+01         0.82668E+00
         0.29450E+02         0.11116E+01         0.11116E+01         0.11116E+01         0.82934E+00
         0.29500E+02         0.11121E+01         0.11121E+01         0.11121E+01         0.83207E+00
         0.29550E+02         0.11126E+01         0.11126E+01         0.11126E+01         0.83487E+00
         0.29600E+02         0.11131E+01         0.11131E+01         0.11131E+01         0.83775E+00
         0.29650E+02         0.11136E+01         0.11136E+01         0.11136E+01         0.84070E+00
         0.29700E+02         0.11141E+01         0.11141E+01         0.11141E+01         0.84374E+00
         0.29750E+02         0.11146E+01         0.11146E+01         0.11146E+01         0.84686E+00
         0.29800E+02         0.11151E+01         0.11151E+01         0.11151E+01         0.85006E+00
         0.29850E+02         0.11156E+01         0.11156E+01         0.11156E+01         0.85336E+00
         0.29900E+02         0.11160E+01         0.11160E+01         0.11160E+01         0.85674E+00
         0.29950E+02         0.11165E+01         0.11165E+01         0.11165E+01         0.86022E+00
         0.30000E+02         0.11170E+01         0.11170E+01         0.11170E+01         0.86380E+00
         0.30050E+02         0.11174E+01         0.11174E+01         0.11174E+01         0.86748E+00
         0.30100E+02         0.11179E+01         0.11179E+01         0.11179E+01         0.87125E+00
         0.30150E+02         0.11184E+01         0.11184E+01         0.11183E+01         0.87513E+00
         0.30200E+02         0.11188E+01         0.11188E+01         0.11188E+01         0.87912E+00
         0.30250E+02         0.11192E+01         0.11192E+01         0.11192E+01         0.88322E+00
         0.30300E+02         0.11197E+01         0.11197E+01         0.11197E+01         0.88743E+00
         0.30350E+02         0.11201E+01         0.11201E+01         0.11201E+01         0.89174E+00
         0.30400E+02         0.11205E+01         0.11205E+01         0.11205E+01         0.89618E+00
         0.30450E+02         0.11210E+01         0.11210E+01         0.11209E+01         0.90073E+00
         0.30500E+02         0.11214E+01         0.11214E+01         0.11214E+01         0.90540E+00
         0.30550E+02         0.11218E+01         0.11218E+01         0.11218E+01         0.91019E+00
         0.30600E+02         0.11222E+01         0.11222E+01         0.11222E+01         0.91510E+00
         0.30650E+02         0.11226E+01         0.11226E+01         0.11226E+01         0.92013E+00
         0.30700E+02         0.11230E+01         0.11230E+01         0.11230E+01         0.92528E+00
         0.30750E+02         0.11234E+01         0.11234E+01         0.11234E+01         0.93056E+00
         0.30800E+02         0.11237E+01         0.11237E+01         0.11237E+01         0.93596E+00
         0.30850E+02         0.11241E+01         0.11241E+01         0.11241E+01         0.94149E+00
         0.30900E+02         0.11245E+01         0.11245E+01         0.11245E+01         0.94715E+00
         0.30950E+02         0.11248E+01         0.11248E+01         0.11248E+01         0.95293E+00
         0.31000E+02         0.11252E+01         0.11252E+01         0.11252E+01         0.95884E+00
         0.31050E+02         0.11256E+01         0.11256E+01         0.11256E+01         0.96488E+00
         0.31100E+02         0.11259E+01         0.11259E+01         0.11259E+01         0.97104E+00
         0.31150E+02         0.11262E+01         0.11262E+01         0.11262E+01         0.97733E+00
         0.31200E+02         0.11266E+01         0.11266E+01         0.11266E+01         0.98375E+00
         0.31250E+02         0.11269E+01         0.11269E+01         0.11269E+01         0.99028E+00
         0.31300E+02         0.11272E+01         0.11272E+01         0.11272E+01         0.99695E+00
         0.31350E+02         0.11275E+01         0.11275E+01         0.11275E+01         0.10037E+01
         0.31400E+02         0.11279E+01         0.11279E+01         0.11279E+01         0.10106E+01
         0.31450E+02         0.11282E+01         0.11282E+01         0.11282E+01         0.10177E+01
         0.31500E+02         0.11285E+01         0.11285E+01         0.11285E+01         0.10248E+01
         0.31550E+02         0.11288E+01         0.11288E+01         0.11288E+01         0.10321E+01
         0.31600E+02         0.11290E+01         0.11290E+01         0.11290E+01         0.10394E+01
         0.31650E+02         0.11293E+01         0.11293E+01         0.11293E+01         0.10469E+01
         0.31700E+02         0.11296E+01         0.11296E+01         0.11296E+01         0.10545E+01
         0.31750E+02         0.11299E+01         0.11299E+01         0.11299E+01         0.10622E+01
         0.31800E+02         0.11301E+01         0.11301E+01         0.11301E+01         0.10700E+01
         0.31850E+02         0.11304E+01         0.11304E+01         0.11304E+01         0.10779E+01
         0.31900E+02         0.11306E+01         0.11306E+01         0.11306E+01         0.10859E+01
         0.31950E+02         0.11309E+01         0.11309E+01         0.11309E+01         0.10940E+01
         0.32000E+02         0.11311E+01         0.11311E+01         0.11311E+01         0.11022E+01
         0.32050E+02         0.11313E+01         0.11313E+01         0.11313E+01         0.11105E+01
         0.32100E+02         0.11316E+01         0.11316E+01         0.11316E+01         0.11188E+01
         0.32150E+02         0.11318E+01         0.11318E+01         0.11318E+01         0.11272E+01
         0.32200E+02         0.11320E+01         0.11320E+01         0.11320E+01         0.11357E+01
         0.32250E+02         0.11322E+01         0.11322E+01         0.11322E+01         0.11443E+01
         0.32300E+02         0.11324E+01         0.11324E+01         0.11324E+01         0.11530E+01
         0.32350E+02         0.11326E+01         0.11326E+01         0.11326E+01         0.11617E+01
         0.32400E+02         0.11328E+01         0.11328E+01         0.11328E+01         0.11704E+01
         0.32450E+02         0.11329E+01         0.11329E+01         0.11329E+01         0.11792E+01
         0.32500E+02         0.11331E+01         0.11331E+01         0.11331E+01         0.11881E+01
         0.32550E+02         0.11333E+01         0.11333E+01         0.11333E+01         0.11970E+01
         0.32600E+02         0.11334E+01         0.11334E+01         0.11334E+01         0.12059E+01
         0.32650E+02         0.11336E+01         0.11336E+01         0.11336E+01         0.12149E+01
         0.32700E+02         0.11337E+01         0.11337E+01         0.11337E+01         0.12239E+01
         0.32750E+02         0.11339E+01         0.11339E+01         0.11339E+01         0.12329E+01
         0.32800E+02         0.11340E+01         0.11340E+01         0.11340E+01         0.12420E+01
         0.32850E+02         0.11341E+01         0.11341E+01         0.11341E+01         0.12511E+01
         0.32900E+02         0.11342E+01         0.11342E+01         0.11342E+01         0.12601E+01
         0.32950E+02         0.11344E+01         0.11344E+01         0.11344E+01         0.12692E+01
         0.33000E+02         0.11345E+01         0.11345E+01         0.11345E+01         0.12783E+01
         0.33050E+02         0.11346E+01         0.11346E+01         0.11346E+01         0.12874E+01
         0.33100E+02         0.11347E+01         0.11347E+01         0.11347E+01         0.12965E+01
         0.33150E+02         0.11347E+01         0.11347E+01         0.11347E+01         0.13055E+01
         0.33200E+02         0.11348E+01         0.11348E+01         0.11348E+01         0.13146E+01
         0.33250E+02         0.11349E+01         0.11349E+01         0.11349E+01         0.13236E+01
         0.33300E+02         0.11350E+01         0.11350E+01         0.11350E+01         0.13326E+01
         0.33350E+02         0.11350E+01         0.11350E+01         0.11350E+01         0.13415E+01
         0.33400E+02         0.11351E+01         0.11351E+01         0.11351E+01         0.13505E+01
         0.33450E+02         0.11351E+01         0.11351E+01         0.11351E+01         0.13593E+01
         0.33500E+02         0.11352E+01         0.11352E+01         0.11352E+01         0.13682E+01
         0.33550E+02         0.11352E+01         0.11352E+01         0.11352E+01         0.13770E+01
         0.33600E+02         0.11353E+01         0.11353E+01         0.11353E+01         0.13858E+01
         0.33650E+02         0.11353E+01         0.11353E+01         0.11353E+01         0.13945E+01
         0.33700E+02         0.11353E+01         0.11353E+01         0.11353E+01         0.14031E+01
         0.33750E+02         0.11353E+01         0.11353E+01         0.11353E+01         0.14117E+01
         0.33800E+02         0.11353E+01         0.11353E+01         0.11353E+01         0.14202E+01
         0.33850E+02         0.11353E+01         0.11353E+01         0.11353E+01         0.14287E+01
         0.33900E+02         0.11353E+01         0.11353E+01         0.11353E+01         0.14370E+01
         0.33950E+02         0.11353E+01         0.11353E+01         0.11353E+01         0.14454E+01
         0.34000E+02         0.11353E+01         0.11353E+01         0.11353E+01         0.14536E+01
         0.34050E+02         0.11353E+01         0.11353E+01         0.11353E+01         0.14618E+01
         0.34100E+02         0.11353E+01         0.11353E+01         0.11353E+01         0.14699E+01
         0.34150E+02         0.11352E+01         0.11352E+01         0.11352E+01         0.14779E+01
         0.34200E+02         0.11352E+01         0.11352E+01         0.11352E+01         0.14858E+01
         0.34250E+02         0.11352E+01         0.11352E+01         0.11352E+01         0.14936E+01
         0.34300E+02         0.11351E+01         0.11351E+01         0.11351E+01         0.15014E+01
         0.34350E+02         0.11351E+01         0.11351E+01         0.11351E+01         0.15090E+01
         0.34400E+02         0.11350E+01         0.11350E+01         0.11350E+01         0.15166E+01
         0.34450E+02         0.11349E+01         0.11349E+01         0.11350E+01         0.15241E+01
         0.34500E+02         0.11349E+01         0.11349E+01         0.11349E+01         0.15315E+01
         0.34550E+02         0.11348E+01         0.11348E+01         0.11348E+01         0.15388E+01
         0.34600E+02         0.11347E+01         0.11347E+01         0.11348E+01         0.15460E+01
         0.34650E+02         0.11347E+01         0.11347E+01         0.11347E+01         0.15531E+01
         0.34700E+02         0.11346E+01         0.11346E+01         0.11346E+01         0.15602E+01
         0.34750E+02         0.11345E+01         0.11345E+01         0.11345E+01         0.15671E+01
         0.34800E+02         0.11344E+01         0.11344E+01         0.11344E+01         0.15739E+01
         0.34850E+02         0.11343E+01         0.11343E+01         0.11343E+01         0.15807E+01
         0.34900E+02         0.11342E+01         0.11342E+01         0.11342E+01         0.15873E+01
         0.34950E+02         0.11341E+01         0.11341E+01         0.11341E+01         0.15939E+01
         0.35000E+02         0.11340E+01         0.11340E+01         0.11340E+01         0.16003E+01
         0.35050E+02         0.11339E+01         0.11339E+01         0.11339E+01         0.16067E+01
         0.35100E+02         0.11338E+01         0.11338E+01         0.11338E+01         0.16129E+01
         0.35150E+02         0.11337E+01         0.11337E+01         0.11337E+01         0.16191E+01
         0.35200E+02         0.11336E+01         0.11336E+01         0.11336E+01         0.16252E+01
         0.35250E+02         0.11335E+01         0.11335E+01         0.11335E+01         0.16311E+01
         0.35300E+02         0.11333E+01         0.11333E+01         0.11334E+01         0.16370E+01
         0.35350E+02         0.11332E+01         0.11332E+01         0.11332E+01         0.16428E+01
         0.35400E+02         0.11331E+01         0.11331E+01         0.11331E+01         0.16485E+01
         0.35450E+02         0.11330E+01         0.11330E+01         0.11330E+01         0.16541E+01
         0.35500E+02         0.11328E+01         0.11328E+01         0.11329E+01         0.16596E+01
         0.35550E+02         0.11327E+01         0.11327E+01         0.11327E+01         0.16650E+01
         0.35600E+02         0.11326E+01         0.11326E+01         0.11326E+01         0.16704E+01
         0.35650E+02         0.11324E+01         0.11324E+01         0.11325E+01         0.16756E+01
         0.35700E+02         0.11323E+01         0.11323E+01         0.11323E+01         0.16808E+01
         0.35750E+02         0.11321E+01         0.11321E+01         0.11322E+01         0.16859E+01
         0.35800E+02         0.11320E+01         0.11320E+01         0.11320E+01         0.16908E+01
         0.35850E+02         0.11319E+01         0.11319E+01         0.11319E+01         0.16957E+01
         0.35900E+02         0.11317E+01         0.11317E+01         0.11317E+01         0.17006E+01
         0.35950E+02         0.11316E+01         0.11316E+01         0.11316E+01         0.17053E+01
         0.36000E+02         0.11314E+01         0.11314E+01         0.11314E+01         0.17100E+01
         0.36050E+02         0.11313E+01         0.11313E+01         0.11313E+01         0.17145E+01
         0.36100E+02         0.11311E+01         0.11311E+01         0.11311E+01         0.17190E+01
         0.36150E+02         0.11310E+01         0.11310E+01         0.11310E+01         0.17235E+01
         0.36200E+02         0.11308E+01         0.11308E+01         0.11308E+01         0.17278E+01
         0.36250E+02         0.11307E+01         0.11307E+01         0.11307E+01         0.17321E+01
         0.36300E+02         0.11305E+01         0.11305E+01         0.11305E+01         0.17363E+01
         0.36350E+02         0.11304E+01         0.11304E+01         0.11304E+01         0.17404E+01
         0.36400E+02         0.11302E+01         0.11302E+01         0.11302E+01         0.17445E+01
         0.36450E+02         0.11301E+01         0.11301E+01         0.11301E+01         0.17484E+01
         0.36500E+02         0.11299E+01         0.11299E+01         0.11299E+01         0.17524E+01
         0.36550E+02         0.11297E+01         0.11297E+01         0.11298E+01         0.17562E+01
         0.36600E+02         0.11296E+01         0.11296E+01         0.11296E+01         0.17600E+01
         0.36650E+02         0.11294E+01         0.11294E+01         0.11295E+01         0.17637E+01
         0.36700E+02         0.11293E+01         0.11293E+01         0.11293E+01         0.17674E+01
         0.36750E+02         0.11291E+01         0.11291E+01         0.11291E+01         0.17710E+01
         0.36800E+02         0.11290E+01         0.11290E+01         0.11290E+01         0.17745E+01
         0.36850E+02         0.11288E+01         0.11288E+01         0.11288E+01         0.17780E+01
         0.36900E+02         0.11287E+01         0.11287E+01         0.11287E+01         0.17814E+01
         0.36950E+02         0.11285E+01         0.11285E+01         0.11285E+01         0.17847E+01
         0.37000E+02         0.11283E+01         0.11283E+01         0.11284E+01         0.17880E+01
         0.37050E+02         0.11282E+01         0.11282E+01         0.11282E+01         0.17913E+01
         0.37100E+02         0.11280E+01         0.11280E+01         0.11281E+01         0.17945E+01
         0.37150E+02         0.11279E+01         0.11279E+01         0.11279E+01         0.17976E+01
         0.37200E+02         0.11277E+01         0.11277E+01         0.11277E+01         0.18007E+01
         0.37250E+02         0.11276E+01         0.11276E+01         0.11276E+01         0.18037E+01
         0.37300E+02         0.11274E+01         0.11274E+01         0.11274E+01         0.18067E+01
         0.37350E+02         0.11273E+01         0.11273E+01         0.11273E+01         0.18097E+01
         0.37400E+02         0.11271E+01         0.11271E+01         0.11271E+01         0.18126E+01
         0.37450E+02         0.11269E+01         0.11269E+01         0.11270E+01         0.18154E+01
         0.37500E+02         0.11268E+01         0.11268E+01         0.11268E+01         0.18182E+01
         0.37550E+02         0.11266E+01         0.11266E+01         0.11267E+01         0.18210E+01
         0.37600E+02         0.11265E+01         0.11265E+01         0.11265E+01         0.18237E+01
         0.37650E+02         0.11263E+01         0.11263E+01         0.11264E+01         0.18263E+01
         0.37700E+02         0.11262E+01         0.11262E+01         0.11262E+01         0.18290E+01
         0.37750E+02         0.11260E+01         0.11260E+01         0.11260E+01         0.18316E+01
         0.37800E+02         0.11259E+01         0.11259E+01         0.11259E+01         0.18341E+01
         0.37850E+02         0.11257E+01         0.11257E+01         0.11257E+01         0.18366E+01
         0.37900E+02         0.11256E+01         0.11256E+01         0.11256E+01         0.18391E+01
         0.37950E+02         0.11254E+01         0.11254E+01         0.11254E+01         0.18415E+01
         0.38000E+02         0.11253E+01         0.11253E+01         0.11253E+01         0.18439E+01
         0.38050E+02         0.11251E+01         0.11251E+01         0.11251E+01         0.18463E+01
         0.38100E+02         0.11249E+01         0.11249E+01         0.11250E+01         0.18486E+01
         0.38150E+02         0.11248E+01         0.11248E+01         0.11248E+01         0.18509E+01
         0.38200E+02         0.11246E+01         0.11246E+01         0.11247E+01         0.18531E+01
         0.38250E+02         0.11245E+01         0.11245E+01         0.11245E+01         0.18554E+01
         0.38300E+02         0.11243E+01         0.11243E+01         0.11244E+01         0.18575E+01
         0.38350E+02         0.11242E+01         0.11242E+01         0.11242E+01         0.18597E+01
         0.38400E+02         0.11240E+01         0.11240E+01         0.11240E+01         0.18618E+01
         0.38450E+02         0.11239E+01         0.11239E+01         0.11239E+01         0.18639E+01
         0.38500E+02         0.11237E+01         0.11237E+01         0.11237E+01         0.18660E+01
         0.38550E+02         0.11236E+01         0.11236E+01         0.11236E+01         0.18680E+01
         0.38600E+02         0.11234E+01         0.11234E+01         0.11234E+01         0.18700E+01
         0.38650E+02         0.11232E+01         0.11232E+01         0.11233E+01         0.18720E+01
         0.38700E+02         0.11231E+01         0.11231E+01         0.11231E+01         0.18740E+01
         0.38750E+02         0.11229E+01         0.11229E+01         0.11229E+01         0.18759E+01
         0.38800E+02         0.11228E+01         0.11228E+01         0.11228E+01         0.18778E+01
         0.38850E+02         0.11226E+01         0.11226E+01         0.11226E+01         0.18797E+01
         0.38900E+02         0.11224E+01         0.11224E+01         0.11225E+01         0.18815E+01
         0.38950E+02         0.11223E+01         0.11223E+01         0.11223E+01         0.18834E+01
         0.39000E+02         0.11221E+01         0.11221E+01         0.11221E+01         0.18852E+01
         0.39050E+02         0.11219E+01         0.11219E+01         0.11220E+01         0.18869E+01
         0.39100E+02         0.11218E+01         0.11218E+01         0.11218E+01         0.18887E+01
         0.39150E+02         0.11216E+01         0.11216E+01         0.11216E+01         0.18904E+01
         0.39200E+02         0.11214E+01         0.11214E+01         0.11215E+01         0.18921E+01
         0.39250E+02         0.11213E+01         0.11213E+01         0.11213E+01         0.18938E+01
         0.39300E+02         0.11211E+01         0.11211E+01         0.11211E+01         0.18955E+01
         0.39350E+02         0.11209E+01         0.11209E+01         0.11209E+01         0.18971E+01
         0.39400E+02         0.11207E+01         0.11207E+01         0.11208E+01         0.18987E+01
         0.39450E+02         0.11206E+01         0.11206E+01         0.11206E+01         0.19003E+01
         0.39500E+02         0.11204E+01         0.11204E+01         0.11204E+01         0.19019E+01
         0.39550E+02         0.11202E+01         0.11202E+01         0.11202E+01         0.19034E+01
         0.39600E+02         0.11200E+01         0.11200E+01         0.11200E+01         0.19050E+01
         0.39650E+02         0.11198E+01         0.11198E+01         0.11198E+01         0.19065E+01
         0.39700E+02         0.11196E+01         0.11196E+01         0.11196E+01         0.19080E+01
         0.39750E+02         0.11194E+01         0.11194E+01         0.11194E+01         0.19094E+01
         0.39800E+02         0.11192E+01         0.11192E+01         0.11192E+01         0.19109E+01
         0.39850E+02         0.11190E+01         0.11190E+01         0.11190E+01         0.19123E+01
         0.39900E+02         0.11188E+01         0.11188E+01         0.11188E+01         0.19138E+01
         0.39950E+02         0.11186E+01         0.11186E+01         0.11186E+01         0.19151E+01
         0.40000E+02         0.11184E+01         0.11184E+01         0.11184E+01         0.19165E+01
         0.40050E+02         0.11182E+01         0.11182E+01         0.11182E+01         0.19179E+01
         0.40100E+02         0.11179E+01         0.11179E+01         0.11180E+01         0.19192E+01
         0.40150E+02         0.11177E+01         0.11177E+01         0.11177E+01         0.19205E+01
         0.40200E+02         0.11175E+01         0.11175E+01         0.11175E+01         0.19219E+01
         0.40250E+02         0.11172E+01         0.11172E+01         0.11172E+01         0.19231E+01
         0.40300E+02         0.11170E+01         0.11170E+01         0.11170E+01         0.19244E+01
         0.40350E+02         0.11167E+01         0.11167E+01         0.11167E+01         0.19257E+01
         0.40400E+02         0.11165E+01         0.11165E+01         0.11165E+01         0.19269E+01
         0.40450E+02         0.11162E+01         0.11162E+01         0.11162E+01         0.19281E+01
         0.40500E+02         0.11159E+01         0.11159E+01         0.11159E+01         0.19293E+01
         0.40550E+02         0.11156E+01         0.11157E+01         0.11157E+01         0.19305E+01
         0.40600E+02         0.11154E+01         0.11154E+01         0.11154E+01         0.19317E+01
         0.40650E+02         0.11151E+01         0.11151E+01         0.11151E+01         0.19328E+01
         0.40700E+02         0.11147E+01         0.11147E+01         0.11148E+01         0.19340E+01
         0.40750E+02         0.11144E+01         0.11144E+01         0.11144E+01         0.19351E+01
         0.40800E+02         0.11141E+01         0.11141E+01         0.11141E+01         0.19362E+01
         0.40850E+02         0.11137E+01         0.11137E+01         0.11138E+01         0.19373E+01
         0.40900E+02         0.11134E+01         0.11134E+01         0.11134E+01         0.19384E+01
         0.40950E+02         0.11130E+01         0.11130E+01         0.11130E+01         0.19394E+01
         0.41000E+02         0.11126E+01         0.11126E+01         0.11126E+01         0.19405E+01
         0.41050E+02         0.11122E+01         0.11122E+01         0.11122E+01         0.19415E+01
         0.41100E+02         0.11118E+01         0.11118E+01         0.11118E+01         0.19425E+01
         0.41150E+02         0.11114E+01         0.11114E+01         0.11114E+01         0.19435E+01
         0.41200E+02         0.11109E+01         0.11109E+01         0.11109E+01         0.19445E+01
         0.41250E+02         0.11105E+01         0.11105E+01         0.11105E+01         0.19455E+01
         0.41300E+02         0.11100E+01         0.11100E+01         0.11100E+01         0.19464E+01
         0.41350E+02         0.11095E+01         0.11095E+01         0.11095E+01         0.19474E+01
         0.41400E+02         0.11090E+01         0.11090E+01         0.11090E+01         0.19483E+01
         0.41450E+02         0.11085E+01         0.11085E+01         0.11085E+01         0.19492E+01
         0.41500E+02         0.11081E+01         0.11081E+01         0.11081E+01         0.19501E+01
         0.41550E+02         0.11078E+01         0.11078E+01         0.11078E+01         0.19509E+01
         0.41600E+02         0.11077E+01         0.11077E+01         0.11077E+01         0.19517E+01
         0.41650E+02         0.11081E+01         0.11081E+01         0.11081E+01         0.19525E+01
         0.41700E+02         0.11094E+01         0.11094E+01         0.11095E+01         0.19530E+01
         0.41750E+02         0.11128E+01         0.11128E+01         0.11128E+01         0.19534E+01
         0.41800E+02         0.11205E+01         0.11205E+01         0.11205E+01         0.19531E+01
         0.41850E+02         0.11381E+01         0.11381E+01         0.11382E+01         0.19515E+01
         0.41900E+02         0.11751E+01         0.11751E+01         0.11751E+01         0.19478E+01
         0.41950E+02         0.12255E+01         0.12255E+01         0.12255E+01         0.19440E+01
         0.42000E+02         0.12386E+01         0.12386E+01         0.12386E+01         0.19445E+01
         0.42050E+02         0.12124E+01         0.12124E+01         0.12124E+01         0.19479E+01
         0.42100E+02         0.11851E+01         0.11851E+01         0.11851E+01         0.19510E+01
         0.42150E+02         0.11663E+01         0.11663E+01         0.11663E+01         0.19533E+01
         0.42200E+02         0.11538E+01         0.11538E+01         0.11538E+01         0.19551E+01
         0.42250E+02         0.11454E+01         0.11454E+01         0.11454E+01         0.19565E+01
         0.42300E+02         0.11393E+01         0.11393E+01         0.11393E+01         0.19577E+01
         0.42350E+02         0.11348E+01         0.11348E+01         0.11348E+01         0.19587E+01
         0.42400E+02         0.11313E+01         0.11313E+01         0.11313E+01         0.19596E+01
         0.42450E+02         0.11286E+01         0.11286E+01         0.11286E+01         0.19604E+01
         0.42500E+02         0.11263E+01         0.11263E+01         0.11263E+01         0.19612E+01
         0.42550E+02         0.11244E+01         0.11244E+01         0.11244E+01         0.19619E+01
         0.42600E+02         0.11227E+01         0.11227E+01         0.11227E+01         0.19625E+01
         0.42650E+02         0.11213E+01         0.11213E+01         0.11213E+01         0.19631E+01
         0.42700E+02         0.11200E+01         0.11200E+01         0.11200E+01         0.19637E+01
         0.42750E+02         0.11188E+01         0.11188E+01         0.11188E+01         0.19643E+01
         0.42800E+02         0.11178E+01         0.11178E+01         0.11178E+01         0.19648E+01
         0.42850E+02         0.11168E+01         0.11168E+01         0.11168E+01         0.19653E+01
         0.42900E+02         0.11159E+01         0.11159E+01         0.11159E+01         0.19658E+01
         0.42950E+02         0.11150E+01         0.11150E+01         0.11150E+01         0.19663E+01
         0.43000E+02         0.11142E+01         0.11142E+01         0.11142E+01         0.19667E+01
         0.43050E+02         0.11134E+01         0.11134E+01         0.11134E+01         0.19671E+01
         0.43100E+02         0.11127E+01         0.11127E+01         0.11127E+01         0.19675E+01
         0.43150E+02         0.11119E+01         0.11119E+01         0.11119E+01         0.19679E+01
         0.43200E+02         0.11112E+01         0.11112E+01         0.11112E+01         0.19683E+01
         0.43250E+02         0.11105E+01         0.11105E+01         0.11105E+01         0.19686E+01
         0.43300E+02         0.11098E+01         0.11098E+01         0.11098E+01         0.19690E+01
         0.43350E+02         0.11092E+01         0.11092E+01         0.11092E+01         0.19693E+01
         0.43400E+02         0.11085E+01         0.11085E+01         0.11085E+01         0.19696E+01
         0.43450E+02         0.11078E+01         0.11078E+01         0.11078E+01         0.19699E+01
         0.43500E+02         0.11072E+01         0.11072E+01         0.11072E+01         0.19701E+01
         0.43550E+02         0.11065E+01         0.11065E+01         0.11065E+01         0.19704E+01
         0.43600E+02         0.11059E+01         0.11059E+01         0.11059E+01         0.19706E+01

