         0.13650E+02         0.45204E+02
         0.13700E+02         0.45347E+02
         0.13750E+02         0.45486E+02
         0.13800E+02         0.45619E+02
         0.13850E+02         0.45747E+02
         0.13900E+02         0.45870E+02
         0.13950E+02         0.45987E+02
         0.14000E+02         0.46100E+02
         0.14050E+02         0.46207E+02
         0.14100E+02         0.46309E+02
         0.14150E+02         0.46406E+02
         0.14200E+02         0.46498E+02
         0.14250E+02         0.46585E+02
         0.14300E+02         0.46667E+02
         0.14350E+02         0.46743E+02
         0.14400E+02         0.46815E+02
         0.14450E+02         0.46882E+02
         0.14500E+02         0.46944E+02
         0.14550E+02         0.47001E+02
         0.14600E+02         0.47054E+02
         0.14650E+02         0.47101E+02
         0.14700E+02         0.47144E+02
         0.14750E+02         0.47183E+02
         0.14800E+02         0.47217E+02
         0.14850E+02         0.47247E+02
         0.14900E+02         0.47272E+02
         0.14950E+02         0.47293E+02
         0.15000E+02         0.47310E+02
         0.15050E+02         0.47323E+02
         0.15100E+02         0.47332E+02
         0.15150E+02         0.47337E+02
         0.15200E+02         0.47338E+02
         0.15250E+02         0.47336E+02
         0.15300E+02         0.47330E+02
         0.15350E+02         0.47320E+02
         0.15400E+02         0.47306E+02
         0.15450E+02         0.47289E+02
         0.15500E+02         0.47269E+02
         0.15550E+02         0.47246E+02
         0.15600E+02         0.47219E+02
         0.15650E+02         0.47189E+02
         0.15700E+02         0.47156E+02
         0.15750E+02         0.47120E+02
         0.15800E+02         0.47081E+02
         0.15850E+02         0.47039E+02
         0.15900E+02         0.46995E+02
         0.15950E+02         0.46948E+02
         0.16000E+02         0.46898E+02
         0.16050E+02         0.46845E+02
         0.16100E+02         0.46790E+02
         0.16150E+02         0.46733E+02
         0.16200E+02         0.46673E+02
         0.16250E+02         0.46611E+02
         0.16300E+02         0.46547E+02
         0.16350E+02         0.46480E+02
         0.16400E+02         0.46411E+02
         0.16450E+02         0.46341E+02
         0.16500E+02         0.46268E+02
         0.16550E+02         0.46193E+02
         0.16600E+02         0.46117E+02
         0.16650E+02         0.46038E+02
         0.16700E+02         0.45958E+02
         0.16750E+02         0.45876E+02
         0.16800E+02         0.45793E+02
         0.16850E+02         0.45708E+02
         0.16900E+02         0.45621E+02
         0.16950E+02         0.45533E+02
         0.17000E+02         0.45443E+02
         0.17050E+02         0.45352E+02
         0.17100E+02         0.45260E+02
         0.17150E+02         0.45167E+02
         0.17200E+02         0.45072E+02
         0.17250E+02         0.44976E+02
         0.17300E+02         0.44879E+02
         0.17350E+02         0.44780E+02
         0.17400E+02         0.44681E+02
         0.17450E+02         0.44581E+02
         0.17500E+02         0.44479E+02
         0.17550E+02         0.44377E+02
         0.17600E+02         0.44274E+02
         0.17650E+02         0.44170E+02
         0.17700E+02         0.44065E+02
         0.17750E+02         0.43959E+02
         0.17800E+02         0.43853E+02
         0.17850E+02         0.43746E+02
         0.17900E+02         0.43638E+02
         0.17950E+02         0.43530E+02
         0.18000E+02         0.43421E+02
         0.18050E+02         0.43312E+02
         0.18100E+02         0.43202E+02
         0.18150E+02         0.43091E+02
         0.18200E+02         0.42980E+02
         0.18250E+02         0.42869E+02
         0.18300E+02         0.42757E+02
         0.18350E+02         0.42644E+02
         0.18400E+02         0.42532E+02
         0.18450E+02         0.42419E+02
         0.18500E+02         0.42305E+02
         0.18550E+02         0.42192E+02
         0.18600E+02         0.42078E+02
         0.18650E+02         0.41964E+02
         0.18700E+02         0.41849E+02
         0.18750E+02         0.41735E+02
         0.18800E+02         0.41620E+02
         0.18850E+02         0.41505E+02
         0.18900E+02         0.41390E+02
         0.18950E+02         0.41275E+02
         0.19000E+02         0.41159E+02
         0.19050E+02         0.41044E+02
         0.19100E+02         0.40928E+02
         0.19150E+02         0.40812E+02
         0.19200E+02         0.40697E+02
         0.19250E+02         0.40581E+02
         0.19300E+02         0.40465E+02
         0.19350E+02         0.40349E+02
         0.19400E+02         0.40234E+02
         0.19450E+02         0.40118E+02
         0.19500E+02         0.40002E+02
         0.19550E+02         0.39887E+02
         0.19600E+02         0.39771E+02
         0.19650E+02         0.39656E+02
         0.19700E+02         0.39540E+02
         0.19750E+02         0.39425E+02
         0.19800E+02         0.39310E+02
         0.19850E+02         0.39195E+02
         0.19900E+02         0.39080E+02
         0.19950E+02         0.38966E+02
         0.20000E+02         0.38852E+02
         0.20050E+02         0.38738E+02
         0.20100E+02         0.38625E+02
         0.20150E+02         0.38512E+02
         0.20200E+02         0.38399E+02
         0.20250E+02         0.38287E+02
         0.20300E+02         0.38176E+02
         0.20350E+02         0.38066E+02
         0.20400E+02         0.37957E+02
         0.20450E+02         0.37849E+02
         0.20500E+02         0.37743E+02
         0.20550E+02         0.37638E+02
         0.20600E+02         0.37537E+02
         0.20650E+02         0.37439E+02
         0.20700E+02         0.37346E+02
         0.20750E+02         0.37260E+02
         0.20800E+02         0.37184E+02
         0.20850E+02         0.37123E+02
         0.20900E+02         0.37089E+02
         0.20950E+02         0.37104E+02
         0.21000E+02         0.37225E+02
         0.21050E+02         0.37628E+02
         0.21100E+02         0.29440E+02
         0.21150E+02         0.32875E+02
         0.21200E+02         0.34596E+02
         0.21250E+02         0.34956E+02
         0.21300E+02         0.35050E+02
         0.21350E+02         0.35047E+02
         0.21400E+02         0.34998E+02
         0.21450E+02         0.34920E+02
         0.21500E+02         0.34824E+02
         0.21550E+02         0.34711E+02
         0.21600E+02         0.34582E+02
         0.21650E+02         0.34432E+02
         0.21700E+02         0.34257E+02
         0.21750E+02         0.34138E+02
         0.21800E+02         0.47775E+02
         0.21850E+02         0.36380E+02
         0.21900E+02         0.34948E+02
         0.21950E+02         0.34519E+02
         0.22000E+02         0.34270E+02
         0.22050E+02         0.34082E+02
         0.22100E+02         0.33922E+02
         0.22150E+02         0.33782E+02
         0.22200E+02         0.33663E+02
         0.22250E+02         0.33560E+02
         0.22300E+02         0.32103E+02
         0.22350E+02         0.32869E+02
         0.22400E+02         0.32774E+02
         0.22450E+02         0.32571E+02
         0.22500E+02         0.35275E+02
         0.22550E+02         0.33900E+02
         0.22600E+02         0.32984E+02
         0.22650E+02         0.32683E+02
         0.22700E+02         0.32479E+02
         0.22750E+02         0.31025E+02
         0.22800E+02         0.31846E+02
         0.22850E+02         0.41611E+02
         0.22900E+02         0.32260E+02
         0.22950E+02         0.31898E+02
         0.23000E+02         0.31403E+02
         0.23050E+02         0.32164E+02
         0.23100E+02         0.31396E+02
         0.23150E+02         0.31972E+02
         0.23200E+02         0.30858E+02
         0.23250E+02         0.30738E+02
         0.23300E+02         0.31155E+02
         0.23350E+02         0.31253E+02
         0.23400E+02         0.30885E+02
         0.23450E+02         0.31308E+02
         0.23500E+02         0.31197E+02
         0.23550E+02         0.31085E+02
         0.23600E+02         0.30973E+02
         0.23650E+02         0.30860E+02
         0.23700E+02         0.30747E+02
         0.23750E+02         0.30633E+02
         0.23800E+02         0.30519E+02
         0.23850E+02         0.30404E+02
         0.23900E+02         0.30289E+02
         0.23950E+02         0.30173E+02
         0.24000E+02         0.30057E+02
         0.24050E+02         0.29940E+02
         0.24100E+02         0.29823E+02
         0.24150E+02         0.29706E+02
         0.24200E+02         0.29589E+02
         0.24250E+02         0.29471E+02
         0.24300E+02         0.29353E+02
         0.24350E+02         0.29234E+02
         0.24400E+02         0.29116E+02
         0.24450E+02         0.28997E+02
         0.24500E+02         0.28878E+02
         0.24550E+02         0.28759E+02
         0.24600E+02         0.28639E+02
         0.24650E+02         0.28520E+02
         0.24700E+02         0.28401E+02
         0.24750E+02         0.28281E+02
         0.24800E+02         0.28161E+02
         0.24850E+02         0.28042E+02
         0.24900E+02         0.27922E+02
         0.24950E+02         0.27803E+02
         0.25000E+02         0.27683E+02
         0.25050E+02         0.27564E+02
         0.25100E+02         0.27445E+02
         0.25150E+02         0.27326E+02
         0.25200E+02         0.27206E+02
         0.25250E+02         0.27088E+02
         0.25300E+02         0.26969E+02
         0.25350E+02         0.26850E+02
         0.25400E+02         0.26732E+02
         0.25450E+02         0.26614E+02
         0.25500E+02         0.26496E+02
         0.25550E+02         0.26378E+02
         0.25600E+02         0.26261E+02
         0.25650E+02         0.26144E+02
         0.25700E+02         0.26027E+02
         0.25750E+02         0.25911E+02
         0.25800E+02         0.25795E+02
         0.25850E+02         0.25679E+02
         0.25900E+02         0.25564E+02
         0.25950E+02         0.25449E+02
         0.26000E+02         0.25334E+02
         0.26050E+02         0.25220E+02
         0.26100E+02         0.25106E+02
         0.26150E+02         0.24992E+02
         0.26200E+02         0.24879E+02
         0.26250E+02         0.24767E+02
         0.26300E+02         0.24654E+02
         0.26350E+02         0.24543E+02
         0.26400E+02         0.24431E+02
         0.26450E+02         0.24321E+02
         0.26500E+02         0.24210E+02
         0.26550E+02         0.24100E+02
         0.26600E+02         0.23991E+02
         0.26650E+02         0.23882E+02
         0.26700E+02         0.23774E+02
         0.26750E+02         0.23666E+02
         0.26800E+02         0.23558E+02
         0.26850E+02         0.23451E+02
         0.26900E+02         0.23345E+02
         0.26950E+02         0.23239E+02
         0.27000E+02         0.23134E+02
         0.27050E+02         0.23029E+02
         0.27100E+02         0.22924E+02
         0.27150E+02         0.22821E+02
         0.27200E+02         0.22717E+02
         0.27250E+02         0.22615E+02
         0.27300E+02         0.22512E+02
         0.27350E+02         0.22411E+02
         0.27400E+02         0.22310E+02
         0.27450E+02         0.22209E+02
         0.27500E+02         0.22109E+02
         0.27550E+02         0.22010E+02
         0.27600E+02         0.21911E+02
         0.27650E+02         0.21812E+02
         0.27700E+02         0.21714E+02
         0.27750E+02         0.21617E+02
         0.27800E+02         0.21520E+02
         0.27850E+02         0.21424E+02
         0.27900E+02         0.21328E+02
         0.27950E+02         0.21233E+02
         0.28000E+02         0.21139E+02
         0.28050E+02         0.21045E+02
         0.28100E+02         0.20951E+02
         0.28150E+02         0.20858E+02
         0.28200E+02         0.20766E+02
         0.28250E+02         0.20674E+02
         0.28300E+02         0.20583E+02
         0.28350E+02         0.20492E+02
         0.28400E+02         0.20401E+02
         0.28450E+02         0.20312E+02
         0.28500E+02         0.20223E+02
         0.28550E+02         0.20134E+02
         0.28600E+02         0.20046E+02
         0.28650E+02         0.19958E+02
         0.28700E+02         0.19871E+02
         0.28750E+02         0.19784E+02
         0.28800E+02         0.19698E+02
         0.28850E+02         0.19613E+02
         0.28900E+02         0.19527E+02
         0.28950E+02         0.19443E+02
         0.29000E+02         0.19359E+02
         0.29050E+02         0.19275E+02
         0.29100E+02         0.19192E+02
         0.29150E+02         0.19109E+02
         0.29200E+02         0.19027E+02
         0.29250E+02         0.18946E+02
         0.29300E+02         0.18864E+02
         0.29350E+02         0.18784E+02
         0.29400E+02         0.18703E+02
         0.29450E+02         0.18624E+02
         0.29500E+02         0.18544E+02
         0.29550E+02         0.18465E+02
         0.29600E+02         0.18387E+02
         0.29650E+02         0.18309E+02
         0.29700E+02         0.18232E+02
         0.29750E+02         0.18154E+02
         0.29800E+02         0.18078E+02
         0.29850E+02         0.18002E+02
         0.29900E+02         0.17926E+02
         0.29950E+02         0.17850E+02
         0.30000E+02         0.17775E+02
         0.30050E+02         0.17701E+02
         0.30100E+02         0.17627E+02
         0.30150E+02         0.17553E+02
         0.30200E+02         0.17480E+02
         0.30250E+02         0.17407E+02
         0.30300E+02         0.17334E+02
         0.30350E+02         0.17262E+02
         0.30400E+02         0.17190E+02
         0.30450E+02         0.17119E+02
         0.30500E+02         0.17048E+02
         0.30550E+02         0.16977E+02
         0.30600E+02         0.16907E+02
         0.30650E+02         0.16837E+02
         0.30700E+02         0.16767E+02
         0.30750E+02         0.16698E+02
         0.30800E+02         0.16629E+02
         0.30850E+02         0.16561E+02
         0.30900E+02         0.16492E+02
         0.30950E+02         0.16425E+02
         0.31000E+02         0.16357E+02
         0.31050E+02         0.16290E+02
         0.31100E+02         0.16223E+02
         0.31150E+02         0.16156E+02
         0.31200E+02         0.16090E+02
         0.31250E+02         0.16024E+02
         0.31300E+02         0.15958E+02
         0.31350E+02         0.15893E+02
         0.31400E+02         0.15828E+02
         0.31450E+02         0.15763E+02
         0.31500E+02         0.15699E+02
         0.31550E+02         0.15634E+02
         0.31600E+02         0.15571E+02
         0.31650E+02         0.15507E+02
         0.31700E+02         0.15444E+02
         0.31750E+02         0.15381E+02
         0.31800E+02         0.15318E+02
         0.31850E+02         0.15255E+02
         0.31900E+02         0.15193E+02
         0.31950E+02         0.15131E+02
         0.32000E+02         0.15069E+02
         0.32050E+02         0.15008E+02
         0.32100E+02         0.14946E+02
         0.32150E+02         0.14885E+02
         0.32200E+02         0.14824E+02
         0.32250E+02         0.14764E+02
         0.32300E+02         0.14704E+02
         0.32350E+02         0.14644E+02
         0.32400E+02         0.14584E+02
         0.32450E+02         0.14524E+02
         0.32500E+02         0.14465E+02
         0.32550E+02         0.14406E+02
         0.32600E+02         0.14347E+02
         0.32650E+02         0.14288E+02
         0.32700E+02         0.14230E+02
         0.32750E+02         0.14171E+02
         0.32800E+02         0.14113E+02
         0.32850E+02         0.14056E+02
         0.32900E+02         0.13998E+02
         0.32950E+02         0.13941E+02
         0.33000E+02         0.13884E+02
         0.33050E+02         0.13827E+02
         0.33100E+02         0.13770E+02
         0.33150E+02         0.13713E+02
         0.33200E+02         0.13657E+02
         0.33250E+02         0.13601E+02
         0.33300E+02         0.13545E+02
         0.33350E+02         0.13489E+02
         0.33400E+02         0.13434E+02
         0.33450E+02         0.13379E+02
         0.33500E+02         0.13324E+02
         0.33550E+02         0.13269E+02
         0.33600E+02         0.13214E+02
         0.33650E+02         0.13160E+02
         0.33700E+02         0.13105E+02
         0.33750E+02         0.13051E+02
         0.33800E+02         0.12997E+02
         0.33850E+02         0.12944E+02
         0.33900E+02         0.12890E+02
         0.33950E+02         0.12837E+02
         0.34000E+02         0.12784E+02
         0.34050E+02         0.12731E+02
         0.34100E+02         0.12679E+02
         0.34150E+02         0.12626E+02
         0.34200E+02         0.12574E+02
         0.34250E+02         0.12522E+02
         0.34300E+02         0.12470E+02
         0.34350E+02         0.12418E+02
         0.34400E+02         0.12367E+02
         0.34450E+02         0.12316E+02
         0.34500E+02         0.12265E+02
         0.34550E+02         0.12214E+02
         0.34600E+02         0.12164E+02
         0.34650E+02         0.12113E+02
         0.34700E+02         0.12063E+02
         0.34750E+02         0.12013E+02
         0.34800E+02         0.11963E+02
         0.34850E+02         0.11914E+02
         0.34900E+02         0.11865E+02
         0.34950E+02         0.11816E+02
         0.35000E+02         0.11767E+02
         0.35050E+02         0.11718E+02
         0.35100E+02         0.11670E+02
         0.35150E+02         0.11621E+02
         0.35200E+02         0.11574E+02
         0.35250E+02         0.11526E+02
         0.35300E+02         0.11478E+02
         0.35350E+02         0.11431E+02
         0.35400E+02         0.11384E+02
         0.35450E+02         0.11337E+02
         0.35500E+02         0.11290E+02
         0.35550E+02         0.11244E+02
         0.35600E+02         0.11198E+02
         0.35650E+02         0.11152E+02
         0.35700E+02         0.11106E+02
         0.35750E+02         0.11061E+02
         0.35800E+02         0.11016E+02
         0.35850E+02         0.10971E+02
         0.35900E+02         0.10926E+02
         0.35950E+02         0.10882E+02
         0.36000E+02         0.10837E+02
         0.36050E+02         0.10793E+02
         0.36100E+02         0.10750E+02
         0.36150E+02         0.10706E+02
         0.36200E+02         0.10663E+02
         0.36250E+02         0.10620E+02
         0.36300E+02         0.10577E+02
         0.36350E+02         0.10535E+02
         0.36400E+02         0.10492E+02
         0.36450E+02         0.10450E+02
         0.36500E+02         0.10409E+02
         0.36550E+02         0.10367E+02
         0.36600E+02         0.10326E+02
         0.36650E+02         0.10285E+02
         0.36700E+02         0.10244E+02
         0.36750E+02         0.10204E+02
         0.36800E+02         0.10163E+02
         0.36850E+02         0.10123E+02
         0.36900E+02         0.10084E+02
         0.36950E+02         0.10044E+02
         0.37000E+02         0.10005E+02
         0.37050E+02         0.99663E+01
         0.37100E+02         0.99277E+01
         0.37150E+02         0.98893E+01
         0.37200E+02         0.98513E+01
         0.37250E+02         0.98134E+01
         0.37300E+02         0.97759E+01
         0.37350E+02         0.97386E+01
         0.37400E+02         0.97016E+01
         0.37450E+02         0.96648E+01
         0.37500E+02         0.96283E+01
         0.37550E+02         0.95921E+01
         0.37600E+02         0.95562E+01
         0.37650E+02         0.95205E+01
         0.37700E+02         0.94851E+01
         0.37750E+02         0.94500E+01
         0.37800E+02         0.94151E+01
         0.37850E+02         0.93805E+01
         0.37900E+02         0.93462E+01
         0.37950E+02         0.93122E+01
         0.38000E+02         0.92784E+01
         0.38050E+02         0.92449E+01
         0.38100E+02         0.92117E+01
         0.38150E+02         0.91788E+01
         0.38200E+02         0.91461E+01
         0.38250E+02         0.91137E+01
         0.38300E+02         0.90816E+01
         0.38350E+02         0.90497E+01
         0.38400E+02         0.90182E+01
         0.38450E+02         0.89869E+01
         0.38500E+02         0.89558E+01
         0.38550E+02         0.89251E+01
         0.38600E+02         0.88946E+01
         0.38650E+02         0.88644E+01
         0.38700E+02         0.88344E+01
         0.38750E+02         0.88048E+01
         0.38800E+02         0.87754E+01
         0.38850E+02         0.87463E+01
         0.38900E+02         0.87174E+01
         0.38950E+02         0.86888E+01
         0.39000E+02         0.86605E+01
         0.39050E+02         0.86325E+01
         0.39100E+02         0.86047E+01
         0.39150E+02         0.85772E+01
         0.39200E+02         0.85499E+01
         0.39250E+02         0.85230E+01
         0.39300E+02         0.84963E+01
         0.39350E+02         0.84698E+01
         0.39400E+02         0.84437E+01
         0.39450E+02         0.84178E+01
         0.39500E+02         0.83921E+01
         0.39550E+02         0.83667E+01
         0.39600E+02         0.83416E+01
         0.39650E+02         0.83168E+01
         0.39700E+02         0.82922E+01
         0.39750E+02         0.82679E+01
         0.39800E+02         0.82438E+01
         0.39850E+02         0.82200E+01
         0.39900E+02         0.81965E+01
         0.39950E+02         0.81732E+01
         0.40000E+02         0.81502E+01
         0.40050E+02         0.81274E+01
         0.40100E+02         0.81049E+01
         0.40150E+02         0.80827E+01
         0.40200E+02         0.80607E+01
         0.40250E+02         0.80390E+01
         0.40300E+02         0.80176E+01
         0.40350E+02         0.79964E+01
         0.40400E+02         0.79755E+01
         0.40450E+02         0.79548E+01
         0.40500E+02         0.79344E+01
         0.40550E+02         0.79143E+01
         0.40600E+02         0.78945E+01
         0.40650E+02         0.78750E+01
         0.40700E+02         0.78557E+01
         0.40750E+02         0.78367E+01
         0.40800E+02         0.78181E+01
         0.40850E+02         0.77997E+01
         0.40900E+02         0.77817E+01
         0.40950E+02         0.77640E+01
         0.41000E+02         0.77467E+01
         0.41050E+02         0.77297E+01
         0.41100E+02         0.77132E+01
         0.41150E+02         0.76971E+01
         0.41200E+02         0.76815E+01
         0.41250E+02         0.76665E+01
         0.41300E+02         0.76521E+01
         0.41350E+02         0.76384E+01
         0.41400E+02         0.76257E+01
         0.41450E+02         0.76140E+01
         0.41500E+02         0.76037E+01
         0.41550E+02         0.75951E+01
         0.41600E+02         0.75889E+01
         0.41650E+02         0.75859E+01
         0.41700E+02         0.75875E+01
         0.41750E+02         0.75955E+01
         0.41800E+02         0.76121E+01
         0.41850E+02         0.76359E+01
         0.41900E+02         0.76440E+01
         0.41950E+02         0.75655E+01
         0.42000E+02         0.74086E+01
         0.42050E+02         0.73065E+01
         0.42100E+02         0.72655E+01
         0.42150E+02         0.72485E+01
         0.42200E+02         0.72387E+01
         0.42250E+02         0.72305E+01
         0.42300E+02         0.72222E+01
         0.42350E+02         0.72134E+01
         0.42400E+02         0.72039E+01
         0.42450E+02         0.71940E+01
         0.42500E+02         0.71836E+01
         0.42550E+02         0.71729E+01
         0.42600E+02         0.71618E+01
         0.42650E+02         0.71506E+01
         0.42700E+02         0.71392E+01
         0.42750E+02         0.71276E+01
         0.42800E+02         0.71159E+01
         0.42850E+02         0.71042E+01
         0.42900E+02         0.70924E+01
         0.42950E+02         0.70806E+01
         0.43000E+02         0.70687E+01
         0.43050E+02         0.70568E+01
         0.43100E+02         0.70449E+01
         0.43150E+02         0.70330E+01
         0.43200E+02         0.70212E+01
         0.43250E+02         0.70093E+01
         0.43300E+02         0.69974E+01
         0.43350E+02         0.69855E+01
         0.43400E+02         0.69737E+01
         0.43450E+02         0.69618E+01
         0.43500E+02         0.69500E+01
         0.43550E+02         0.69382E+01
         0.43600E+02         0.69264E+01

